50	0	4	0	predicted	10003866796.3	0.333999872208	-0.430610884776	
50	1	4	0	predicted	2193647628.97	0.44000005722	-0.332708930584	
50	2	4	0	predicted	2193923241.11	0.75200009346	-0.332708930584	
50	3	4	0	predicted	2166559702.07	0.322999954224	-0.331255814198	
50	4	4	0	predicted	1635583749.47	0.460999965668	-0.331470878291	
50	5	4	0	predicted	343652917.869	0.373000144958	-0.300597232985	
50	6	4	0	predicted	286288771.382	0.282999992371	-0.299241134401	
50	7	4	0	predicted	178303126.182	0.295000076294	-0.296660365289	
50	8	4	0	predicted	178303126.182	0.296999931335	-0.296660365289	
50	9	4	0	predicted	178303126.182	1.15100002289	-0.296660365289	
50	10	4	0	predicted	178303126.182	0.281000137329	-0.296660365289	
50	0	4	-1	data	10003866796.3	2.9995110034942627	-0.430610884776	
50	1	4	-1	data	1863717415.37	2.256155014038086	-0.284200029679	
50	2	4	-1	data	205359488.4	2.081634998321533	-0.280430434054	
50	3	4	-1	data	146956812.241	1.8603391647338867	-0.299288926422	
50	4	4	-1	data	146924658.435	1.430325984954834	-0.299288926422	
50	5	4	-1	data	146915279.435	1.3942821025848389	-0.299288926422	
50	6	4	-1	data	146915279.435	1.3554718494415283	-0.299288926422	
50	7	4	-1	data	146915279.435	1.4039890766143799	-0.299288926422	
50	8	4	-1	data	146915279.435	1.3457720279693604	-0.299288926422	
50	9	4	-1	data	146915279.435	1.4589159488677979	-0.299288926422	
50	10	4	-1	data	146915279.435	1.2709121704101562	-0.299288926422	
50	0	4	1	predicted	10003866796.3	0.315999984741	-0.430610884776	
50	1	4	1	predicted	5215289948.77	0.283999919891	-0.330940625822	
50	2	4	1	predicted	1918698878.61	0.295000076294	-0.331251273956	
50	3	4	1	predicted	794047855.708	0.287999868393	-0.299254516167	
50	4	4	1	predicted	794047855.708	0.287999868393	-0.299254516167	
50	5	4	1	predicted	794047855.708	0.294000148773	-0.299254516167	
50	6	4	1	predicted	263071903.108	0.279000043869	-0.299469580259	
50	7	4	1	predicted	263071903.108	0.28200006485	-0.299469580259	
50	8	4	1	predicted	263071903.108	0.286000013351	-0.299469580259	
50	9	4	1	predicted	263071903.108	0.295000076294	-0.299469580259	
50	10	4	1	predicted	263071903.108	0.282999992371	-0.299469580259	
50	0	4	2	predicted	10003866796.3	0.299999952316	-0.430610884776	
50	1	4	2	predicted	4720612956.17	0.315999984741	-0.314954194933	
50	2	4	2	predicted	2193984387.01	2.33699989319	-0.315264843067	
50	3	4	2	predicted	902012464.008	0.282999992371	-0.284391197761	
50	4	4	2	predicted	902012464.008	0.305999994278	-0.284391197761	
50	5	4	2	predicted	371036511.408	0.296000003815	-0.284367301751	
50	6	4	2	predicted	371016456.908	0.28400015831	-0.302050349372	
50	7	4	2	predicted	371016456.908	0.289999961853	-0.302050349372	
50	8	4	2	predicted	313652310.421	0.292000055313	-0.300694250787	
50	9	4	2	predicted	313652310.421	0.299999952316	-0.300694250787	
50	10	4	2	predicted	286288771.382	0.27999997139	-0.299241134401	
50	0	4	3	predicted	10003866796.3	0.298000097275	-0.430610884776	
50	1	4	3	predicted	7168258719.87	0.289000034332	-0.341765518487	
50	2	4	3	predicted	2085998741.81	0.309000015259	-0.312684073954	
50	3	4	3	predicted	794067910.208	0.286000013351	-0.281810428649	
50	4	4	3	predicted	263091957.608	0.292999982834	-0.281786532639	
50	5	4	3	predicted	263091957.608	0.298000097275	-0.281786532639	
50	6	4	3	predicted	263091957.608	0.296000003815	-0.281786532639	
50	7	4	3	predicted	263091957.608	0.296999931335	-0.281786532639	
50	8	4	3	predicted	232124870.743	0.292999982834	-0.28104623424	
50	9	4	3	predicted	232124870.743	0.311999797821	-0.28104623424	
50	10	4	3	predicted	174760948.787	0.291000127792	-0.280430434054	
50	0	4	4	predicted	10003866796.3	0.296999931335	-0.430610884776	
50	1	4	4	predicted	3457340737.77	0.282999992371	-0.313783290428	
50	2	4	4	predicted	902012464.008	0.287999868393	-0.284391197761	
50	3	4	4	predicted	902012464.008	0.280999898911	-0.284391197761	
50	4	4	4	predicted	902012464.008	0.28200006485	-0.284391197761	
50	5	4	4	predicted	902012464.008	0.302999973297	-0.284391197761	
50	6	4	4	predicted	313672364.921	0.322000026703	-0.283011203167	
50	7	4	4	predicted	313672364.921	0.294000148773	-0.283011203167	
50	8	4	4	predicted	282685448.087	0.28400015831	-0.300694250787	
50	9	4	4	predicted	282685448.087	0.28200006485	-0.300694250787	
50	10	4	4	predicted	282685448.087	0.28400015831	-0.300694250787	
100	0	4	0	predicted	16929441902.1	0.730000019073	-0.605948338259	
100	1	4	0	predicted	11444960493.1	0.717000007629	-0.460389136969	
100	2	4	0	predicted	7654875736.37	0.681999921799	-0.435855103196	
100	3	4	0	predicted	5487543006.49	0.696000099182	-0.372739288076	
100	4	4	0	predicted	3785915339.7	0.713000059128	-0.346098104114	
100	5	4	0	predicted	2493984508.1	0.684000015259	-0.315224458809	
100	6	4	0	predicted	1968587055.42	0.68700003624	-0.300905730478	
100	7	4	0	predicted	1503612050.92	0.690999984741	-0.28979408569	
100	8	4	0	predicted	705978631.672	0.725000143051	-0.282158354559	
100	9	4	0	predicted	697142654.44	0.718999862671	-0.280787201488	
100	10	4	0	predicted	697142654.44	0.700999975204	-0.280787201488	
100	0	4	-1	data	16929267006.1	5.225311994552612	-0.605948338259	
100	1	4	-1	data	8673033380.91	4.956025123596191	-0.463410309551	
100	2	4	-1	data	4541736285.62	4.765784978866577	-0.385110730527	
100	3	4	-1	data	2483624072.65	4.062207937240601	-0.320067224256	
100	4	4	-1	data	1117981435.17	4.795582056045532	-0.321715332086	
100	5	4	-1	data	407812452.813	3.868673801422119	-0.329710937132	
100	6	4	-1	data	168327531.805	3.7437210083007812	-0.327585387016	
100	7	4	-1	data	146946405.241	2.2230918407440186	-0.322195880854	
100	8	4	-1	data	146916059.241	1.955338954925537	-0.322195880854	
100	9	4	-1	data	146916059.241	2.3321828842163086	-0.322195880854	
100	10	4	-1	data	146916059.241	3.161746025085449	-0.322195880854	
100	0	4	1	predicted	16929441902.1	0.74799990654	-0.605948338259	
100	1	4	1	predicted	10048440756.9	0.700999975204	-0.454448349849	
100	2	4	1	predicted	3543267824.95	0.698999881744	-0.333382798075	
100	3	4	1	predicted	3543267824.95	0.706000089645	-0.333382798075	
100	4	4	1	predicted	3141080071.97	0.865000009537	-0.323872185976	
100	5	4	1	predicted	2925556856.16	0.690999984741	-0.319297772725	
100	6	4	1	predicted	2078444176.4	0.69000005722	-0.307588727678	
100	7	4	1	predicted	250984995.192	0.68499994278	-0.299664571703	
100	8	4	1	predicted	250984995.192	0.702999830246	-0.299664571703	
100	9	4	1	predicted	250984995.192	0.698999881744	-0.299664571703	
100	10	4	1	predicted	250984995.192	0.695999860764	-0.299664571703	
100	0	4	2	predicted	16929441902.1	0.716000080109	-0.605948338259	
100	1	4	2	predicted	10046936148.4	0.717000007629	-0.424243792832	
100	2	4	2	predicted	6122930316.1	0.703000068665	-0.356222604718	
100	3	4	2	predicted	5162558603.17	0.71599984169	-0.349548688002	
100	4	4	2	predicted	3758948828.81	0.686000108719	-0.350700236738	
100	5	4	2	predicted	2347355290.49	0.694000005722	-0.335334624196	
100	6	4	2	predicted	1549394049.09	11.0240001678	-0.335382416216	
100	7	4	2	predicted	888197476.429	0.694999933243	-0.312537830371	
100	8	4	2	predicted	633078360.549	0.688999891281	-0.303027218273	
100	9	4	2	predicted	250984995.192	0.693000078201	-0.299664571703	
100	10	4	2	predicted	250984995.192	0.700000047684	-0.299664571703	
100	0	4	3	predicted	16929441902.1	0.700000047684	-0.605948338259	
100	1	4	3	predicted	11859461017.5	0.703999996185	-0.498010059742	
100	2	4	3	predicted	6133420375.4	0.711999893188	-0.380806342192	
100	3	4	3	predicted	5613494587.79	1.21099996567	-0.357799024517	
100	4	4	3	predicted	5040533938.09	0.740999937057	-0.344106610616	
100	5	4	3	predicted	2113874913.32	0.700000047684	-0.283610037185	
100	6	4	3	predicted	685961937.692	0.90299987793	-0.299545091652	
100	7	4	3	predicted	242149017.96	0.906999826431	-0.298293418633	
100	8	4	3	predicted	242149017.96	0.759999990463	-0.298293418633	
100	9	4	3	predicted	227511338.707	0.72000002861	-0.297802594581	
100	10	4	3	predicted	227511338.707	0.707000017166	-0.297802594581	
100	0	4	4	predicted	16929441902.1	0.717000007629	-0.605948338259	
100	1	4	4	predicted	12590289895.3	0.753999948502	-0.535024979694	
100	2	4	4	predicted	3708049200.25	0.703999996185	-0.349078414519	
100	3	4	4	predicted	3708049200.25	0.707999944687	-0.349078414519	
100	4	4	4	predicted	2960192345.75	0.726999998093	-0.29902941575	
100	5	4	4	predicted	1264721932.14	0.714999914169	-0.313376341373	
100	6	4	4	predicted	799746927.642	0.71599984169	-0.302264696584	
100	7	4	4	predicted	691761282.442	0.706000089645	-0.299683927472	
100	8	4	4	predicted	682925305.21	0.74799990654	-0.298312774401	
100	9	4	4	predicted	242149017.96	0.710999965668	-0.298293418633	
100	10	4	4	predicted	242149017.96	0.699999809265	-0.298293418633	
150	0	4	0	predicted	9377720424.37	0.723000049591	-0.461431480939	
150	1	4	0	predicted	4951547471.47	0.700999975204	-0.367305096374	
150	2	4	0	predicted	4293065463.67	0.761999845505	-0.371833151365	
150	3	4	0	predicted	3341098326.75	0.717000007629	-0.365515046242	
150	4	4	0	predicted	2851023617.51	0.711999893188	-0.36293427713	
150	5	4	0	predicted	1109657822.61	0.684000015259	-0.302967478247	
150	6	4	0	predicted	1109657822.61	0.6890001297	-0.302967478247	
150	7	4	0	predicted	983344871.35	0.723999977112	-0.272780365317	
150	8	4	0	predicted	983334792.83	0.706000089645	-0.305756859529	
150	9	4	0	predicted	983334792.83	0.713000059128	-0.305756859529	
150	10	4	0	predicted	983334792.83	0.723999977112	-0.305756859529	
150	0	4	-1	data	9377415095.37	4.987824201583862	-0.461431480939	
150	1	4	-1	data	4644168527.87	4.509438991546631	-0.335905738842	
150	2	4	-1	data	2791180206.17	4.455409049987793	-0.325262455855	
150	3	4	-1	data	1366063524.14	3.789454936981201	-0.307268760101	
150	4	4	-1	data	447766343.037	3.4648211002349854	-0.28517713754	
150	5	4	-1	data	152471342.545	3.245144844055176	-0.25239061661	
150	6	4	-1	data	146969745.882	2.7931549549102783	-0.265489931536	
150	7	4	-1	data	146941784.882	2.482686996459961	-0.265489931536	
150	8	4	-1	data	146941784.882	2.2558038234710693	-0.265489931536	
150	9	4	-1	data	146941784.882	2.508405923843384	-0.265489931536	
150	10	4	-1	data	146941784.882	2.6877501010894775	-0.265489931536	
150	0	4	1	predicted	9377720424.37	0.764000177383	-0.461431480939	
150	1	4	1	predicted	6854759377.47	0.705000162125	-0.414834260857	
150	2	4	1	predicted	5401017664.77	0.716000080109	-0.394008648922	
150	3	4	1	predicted	4631059872.67	0.723000049591	-0.381582723567	
150	4	4	1	predicted	3968106465.05	0.707999944687	-0.375240722434	
150	5	4	1	predicted	3586017401.01	0.705000162125	-0.375240722434	
150	6	4	1	predicted	2590047307.41	0.707000017166	-0.362671421017	
150	7	4	1	predicted	2259315275.52	0.720999956131	-0.344925526889	
150	8	4	1	predicted	1776993331.62	0.764999866486	-0.326442201884	
150	9	4	1	predicted	1356008738.82	0.686000108719	-0.316381981548	
150	10	4	1	predicted	279793822.51	0.712000131607	-0.296629300475	
150	0	4	2	predicted	9377720424.37	0.759999990463	-0.461431480939	
150	1	4	2	predicted	6551529056.56	0.733000040054	-0.374841659062	
150	2	4	2	predicted	4435815518.06	0.726999998093	-0.350861773767	
150	3	4	2	predicted	3199489425.61	0.714999914169	-0.332521824824	
150	4	4	2	predicted	2203558947.09	0.725999832153	-0.318222452261	
150	5	4	2	predicted	1821466161.3	0.733999967575	-0.318222452261	
150	6	4	2	predicted	1285060747.07	0.890000104904	-0.338380409668	
150	7	4	2	predicted	1285060747.07	0.709999799728	-0.338380409668	
150	8	4	2	predicted	1239306562.18	0.705999851227	-0.327444878476	
150	9	4	2	predicted	1239306562.18	0.720999956131	-0.327444878476	
150	10	4	2	predicted	818321969.377	0.707000017166	-0.31738465814	
150	0	4	3	predicted	9377720424.37	0.711000204086	-0.461431480939	
150	1	4	3	predicted	5853473567.37	0.701999902725	-0.395789140649	
150	2	4	3	predicted	4931920040.77	0.69000005722	-0.37140302318	
150	3	4	3	predicted	4146801788.76	0.698999881744	-0.350885669778	
150	4	4	3	predicted	2768742631.12	0.719000101089	-0.338316368361	
150	5	4	3	predicted	2612338618.8	0.702000141144	-0.33457831547	
150	6	4	3	predicted	1069110596.23	0.722999811172	-0.280031609642	
150	7	4	3	predicted	1069110596.23	0.722999811172	-0.280031609642	
150	8	4	3	predicted	586788652.326	0.707999944687	-0.261548284637	
150	9	4	3	predicted	586778573.806	0.717000007629	-0.294524778848	
150	10	4	3	predicted	256046400.446	0.707999944687	-0.276778884721	
150	0	4	4	predicted	9377720424.37	0.726000070572	-0.461431480939	
150	1	4	4	predicted	6415705208.37	0.701999902725	-0.373350786979	
150	2	4	4	predicted	5069949140.87	0.740000009537	-0.367770829615	
150	3	4	4	predicted	3543032631.23	0.710999965668	-0.355359241866	
150	4	4	4	predicted	2837060704.33	0.717000007629	-0.363579469408	
150	5	4	4	predicted	1269687488.73	0.975000143051	-0.333416252489	
150	6	4	4	predicted	787365544.83	0.808000087738	-0.314932927483	
150	7	4	4	predicted	787365544.83	0.704999923706	-0.314932927483	
150	8	4	4	predicted	276617077.47	0.727999925613	-0.304116876342	
150	9	4	4	predicted	276617077.47	0.739000082016	-0.304116876342	
150	10	4	4	predicted	276617077.47	0.723000049591	-0.304116876342	
200	0	4	0	predicted	22871604299.7	1.12700009346	-0.658816349363	
200	1	4	0	predicted	15575158369.5	1.10099983215	-0.544175478918	
200	2	4	0	predicted	7539142262.98	1.19600009918	-0.36544072965	
200	3	4	0	predicted	7478739600.29	1.13899993896	-0.351002521268	
200	4	4	0	predicted	6176795011.49	1.1210000515	-0.345219686776	
200	5	4	0	predicted	6145406923.69	1.12199997902	-0.344455014446	
200	6	4	0	predicted	4202344389.09	1.14899992943	-0.348436089762	
200	7	4	0	predicted	2746179676.41	1.13700008392	-0.333643503547	
200	8	4	0	predicted	1858197571.91	1.12200021744	-0.333691295568	
200	9	4	0	predicted	1174476294.12	1.1099998951	-0.339593610111	
200	10	4	0	predicted	1174476294.12	1.19000005722	-0.339593610111	
200	0	4	-1	data	22871386622.7	7.416447162628174	-0.658816349363	
200	1	4	-1	data	15210347222.2	8.087170124053955	-0.563913583424	
200	2	4	-1	data	9740725841.21	7.981060028076172	-0.497387090754	
200	3	4	-1	data	5744860113.35	6.95688009262085	-0.319815838228	
200	4	4	-1	data	3217034799.94	6.346889019012451	-0.299009582061	
200	5	4	-1	data	2025551869.92	6.286074876785278	-0.285767607954	
200	6	4	-1	data	1190643882.74	5.5927510261535645	-0.263799049847	
200	7	4	-1	data	600611378.338	7.270448923110962	-0.301554746118	
200	8	4	-1	data	278957068.918	6.356831073760986	-0.283791646863	
200	9	4	-1	data	162065906.514	5.85570502281189	-0.24331682358	
200	10	4	-1	data	147059085.804	6.39716100692749	-0.300036393624	
200	0	4	1	predicted	22871604299.7	1.23600006104	-0.658816349363	
200	1	4	1	predicted	17490545950.8	1.11999988556	-0.575978440064	
200	2	4	1	predicted	9705087614.65	1.13499999046	-0.463136461273	
200	3	4	1	predicted	5993893829.77	1.14199995995	-0.368107100015	
200	4	4	1	predicted	3792256119.87	1.17199993134	-0.354171953379	
200	5	4	1	predicted	3418678403.67	1.132999897	-0.300166970105	
200	6	4	1	predicted	3418672458.27	1.13300013542	-0.309008493915	
200	7	4	1	predicted	2280027266.19	1.13400006294	-0.318031627404	
200	8	4	1	predicted	1859547975.38	1.14100003242	-0.315266037867	
200	9	4	1	predicted	1458173997.64	1.13800001144	-0.306906974505	
200	10	4	1	predicted	1458173997.64	1.13400006294	-0.306906974505	
200	0	4	2	predicted	22871604299.7	1.17800021172	-0.658816349363	
200	1	4	2	predicted	19620887933.2	1.13499999046	-0.594536559581	
200	2	4	2	predicted	12769051026.4	1.15300011635	-0.529902391967	
200	3	4	2	predicted	4143782314.97	1.13400006294	-0.339690149993	
200	4	4	2	predicted	3075295336.53	1.11899995804	-0.335216577905	
200	5	4	2	predicted	3075295336.53	1.13900017738	-0.335216577905	
200	6	4	2	predicted	2201458697.43	1.22000002861	-0.303698510737	
200	7	4	2	predicted	1564766384.19	1.15200018883	-0.29732544479	
200	8	4	2	predicted	1037768560.69	1.14700007439	-0.297397132821	
200	9	4	2	predicted	685785415.886	1.17900013924	-0.297349340801	
200	10	4	2	predicted	331292236.321	1.2460000515	-0.292612620104	
200	0	4	3	predicted	22871604299.7	1.16500020027	-0.658816349363	
200	1	4	3	predicted	16464183336.5	1.14800000191	-0.572241104053	
200	2	4	3	predicted	12219487303.3	2.67700004578	-0.521095756331	
200	3	4	3	predicted	10306867577.4	1.13700008392	-0.517968007543	
200	4	4	3	predicted	9397284956.15	1.35499978065	-0.472900132121	
200	5	4	3	predicted	5235441115.75	1.21399998665	-0.392609537519	
200	6	4	3	predicted	1884015098.25	1.23500013351	-0.33358137392	
200	7	4	3	predicted	1884015098.25	1.1210000515	-0.33358137392	
200	8	4	3	predicted	1443876742.17	1.12800002098	-0.339483688464	
200	9	4	3	predicted	1443876123.97	1.09200000763	-0.34641353145	
200	10	4	3	predicted	978897864.967	1.06500005722	-0.346533011502	
200	0	4	4	predicted	22871604299.7	1.10599994659	-0.658816349363	
200	1	4	4	predicted	18745487599.8	1.14400005341	-0.602902074867	
200	2	4	4	predicted	12428424342.4	1.117000103	-0.468897311436	
200	3	4	4	predicted	9308401263.18	1.2539999485	-0.421033602809	
200	4	4	4	predicted	4460691478.07	1.11500000954	-0.34135522399	
200	5	4	4	predicted	3697701921.65	1.12800002098	-0.302123710123	
200	6	4	4	predicted	2132750153.45	1.14899992943	-0.302243190175	
200	7	4	4	predicted	2066764083.05	1.21099996567	-0.300666053495	
200	8	4	4	predicted	950290392.508	1.13800001144	-0.288603108536	
200	9	4	4	predicted	950290392.508	1.63899993896	-0.288603108536	
200	10	4	4	predicted	950290392.508	1.11299991608	-0.288603108536	
250	0	4	0	predicted	32528974937.3	1.3710000515	-0.862041880626	
250	1	4	0	predicted	25082385178.7	1.37099981308	-0.743226377181	
250	2	4	0	predicted	11619210815.6	1.33799982071	-0.607427023377	
250	3	4	0	predicted	11083263896.0	1.48600006104	-0.602265485152	
250	4	4	0	predicted	9753700857.56	1.30100011826	-0.573473182344	
250	5	4	0	predicted	7912971702.36	1.36500000954	-0.496470678759	
250	6	4	0	predicted	6558438426.52	1.33200001717	-0.44085199791	
250	7	4	0	predicted	4233934531.2	1.47899985313	-0.394373063079	
250	8	4	0	predicted	3848805416.34	1.59999990463	-0.371743541327	
250	9	4	0	predicted	1653900781.44	1.33599996567	-0.325265801297	
250	10	4	0	predicted	1472864512.69	1.41700005531	-0.310613962582	
250	0	4	-1	data	32528823787.3	9.468118906021118	-0.862041880626	
250	1	4	-1	data	22621895819.5	9.552731037139893	-0.739409945376	
250	2	4	-1	data	18313429834.6	11.262472867965698	-0.685698644069	
250	3	4	-1	data	14554834637.3	10.583546876907349	-0.663714314594	
250	4	4	-1	data	11519277376.2	9.541040182113647	-0.644133684796	
250	5	4	-1	data	8918497211.05	8.82816195487976	-0.578586928548	
250	6	4	-1	data	6696571267.85	7.968240022659302	-0.525489993665	
250	7	4	-1	data	4806442080.79	7.99083399772644	-0.48981325029	
250	8	4	-1	data	3288086505.37	8.69194507598877	-0.407012379806	
250	9	4	-1	data	2253084404.17	8.330074071884155	-0.407131859858	
250	10	4	-1	data	1348741947.65	7.9414238929748535	-0.397645143769	
250	0	4	1	predicted	32528974937.3	1.39199995995	-0.862041880626	
250	1	4	1	predicted	22224128719.1	1.36199998856	-0.751644702649	
250	2	4	1	predicted	12492941938.0	1.49500012398	-0.599003918707	
250	3	4	1	predicted	7924152876.43	1.35400009155	-0.479689944487	
250	4	4	1	predicted	6950199459.73	1.51900005341	-0.468759909377	
250	5	4	1	predicted	4956291301.32	1.35300016403	-0.415376222371	
250	6	4	1	predicted	4193292245.75	1.66400003433	-0.372371050557	
250	7	4	1	predicted	3673311718.89	1.58999991417	-0.401046262915	
250	8	4	1	predicted	2943852924.38	1.3220000267	-0.400926782863	
250	9	4	1	predicted	2943852924.38	1.27499985695	-0.400926782863	
250	10	4	1	predicted	2482543420.95	1.36499977112	-0.38258683392	
250	0	4	2	predicted	32528974937.3	1.31100010872	-0.862041880626	
250	1	4	2	predicted	27655632235.2	1.34500002861	-0.763636915417	
250	2	4	2	predicted	13458836489.4	1.32999992371	-0.615387979208	
250	3	4	2	predicted	8409341560.8	1.40200018883	-0.499472495573	
250	4	4	2	predicted	5642913733.03	1.33400011063	-0.370628314526	
250	5	4	2	predicted	4651734496.75	1.32899999619	-0.357810255642	
250	6	4	2	predicted	3048071129.35	1.32299995422	-0.316102159267	
250	7	4	2	predicted	2927827318.95	2.02300000191	-0.302159315179	
250	8	4	2	predicted	2375764776.68	1.29699993134	-0.292577254009	
250	9	4	2	predicted	1558806627.38	1.3149998188	-0.2814178172	
250	10	4	2	predicted	1558801986.38	1.33100008965	-0.2814178172	
250	0	4	3	predicted	32528974937.3	1.34200000763	-0.862041880626	
250	1	4	3	predicted	27130997316.5	1.46999979019	-0.76053401848	
250	2	4	3	predicted	15668734179.6	2.68600010872	-0.573512610761	
250	3	4	3	predicted	11603318123.1	1.39199995995	-0.485143252997	
250	4	4	3	predicted	8630053469.78	1.56399989128	-0.448154857617	
250	5	4	3	predicted	7553281002.46	1.39499998093	-0.450833839331	
250	6	4	3	predicted	5452447490.9	1.29799985886	-0.432588757548	
250	7	4	3	predicted	4725498087.1	1.39300012589	-0.432421485476	
250	8	4	3	predicted	2041132964.7	1.37600016594	-0.363385911725	
250	9	4	3	predicted	1576138823.7	1.36800003052	-0.363505391776	
250	10	4	3	predicted	1130073828.0	1.37800002098	-0.356360484697	
250	0	4	4	predicted	32528974937.3	1.42500019073	-0.862041880626	
250	1	4	4	predicted	28797072033.0	1.51599979401	-0.766003337317	
250	2	4	4	predicted	13944220600.0	1.40200018883	-0.577249707812	
250	3	4	4	predicted	11898947723.4	1.39399981499	-0.500767659331	
250	4	4	4	predicted	7678161069.21	1.36899995804	-0.477053736631	
250	5	4	4	predicted	6763074824.14	1.42100000381	-0.448476497915	
250	6	4	4	predicted	4486176607.54	1.36299991608	-0.417722332662	
250	7	4	4	predicted	4408853396.17	1.39499998093	-0.399239007656	
250	8	4	4	predicted	3854242808.65	1.4240000248	-0.365448854294	
250	9	4	4	predicted	2567970860.57	3.21099996567	-0.3406801617	
250	10	4	4	predicted	2567970860.57	1.3900001049	-0.3406801617	
300	0	4	0	predicted	31681502273.8	2.02099990845	-0.79838051959	
300	1	4	0	predicted	25776157003.4	2.36299991608	-0.682737928393	
300	2	4	0	predicted	15239043650.7	1.62900018692	-0.520073723971	
300	3	4	0	predicted	13337043573.4	1.6210000515	-0.504565213287	
300	4	4	0	predicted	6229517035.99	1.6970000267	-0.359413916893	
300	5	4	0	predicted	3837338585.24	1.60500001907	-0.333106082275	
300	6	4	0	predicted	3749558056.57	1.6099998951	-0.312124190433	
300	7	4	0	predicted	3749558056.57	1.62199997902	-0.312124190433	
300	8	4	0	predicted	2980600340.07	1.62699985504	-0.312124190433	
300	9	4	0	predicted	2660618906.07	1.65400004387	-0.312124190433	
300	10	4	0	predicted	2417035609.22	7.17199993134	-0.312124190433	
300	0	4	-1	data	31681215892.8	12.729416131973267	-0.79838051959	
300	1	4	-1	data	21205830668.2	11.6928129196167	-0.65637226543	
300	2	4	-1	data	17225029346.2	12.528342962265015	-0.634101183832	
300	3	4	-1	data	14126495300.7	9.597508192062378	-0.599227346403	
300	4	4	-1	data	11241423130.2	12.048480987548828	-0.564556625061	
300	5	4	-1	data	8774558237.34	11.985151052474976	-0.545955731685	
300	6	4	-1	data	6949436996.08	12.567363023757935	-0.518785967976	
300	7	4	-1	data	5354351058.79	11.79734992980957	-0.499153005915	
300	8	4	-1	data	3998372701.15	11.180582046508789	-0.498952279428	
300	9	4	-1	data	2890072608.53	11.303909063339233	-0.485986304241	
300	10	4	-1	data	2085688003.99	9.968378067016602	-0.471218569876	
300	0	4	1	predicted	31681502273.8	1.68499994278	-0.79838051959	
300	1	4	1	predicted	29332669730.6	1.60899996758	-0.748605130139	
300	2	4	1	predicted	18164579867.9	1.65700006485	-0.568193358869	
300	3	4	1	predicted	14547110658.1	1.66799998283	-0.488196685193	
300	4	4	1	predicted	8603137215.24	1.60699987411	-0.403573266004	
300	5	4	1	predicted	5032948717.9	1.63400006294	-0.375495453904	
300	6	4	1	predicted	3648921273.57	1.61500000954	-0.359126686849	
300	7	4	1	predicted	2406685730.97	1.61299991608	-0.321777222753	
300	8	4	1	predicted	1941691589.97	1.62200021744	-0.321896702805	
300	9	4	1	predicted	1439551599.35	1.63700008392	-0.300795330911	
300	10	4	1	predicted	1307467545.44	1.62900018692	-0.328180158713	
300	0	4	2	predicted	31681502273.8	1.6099998951	-0.79838051959	
300	1	4	2	predicted	23968023318.0	1.62199997902	-0.676405485664	
300	2	4	2	predicted	12494903614.3	1.61999988556	-0.437046080349	
300	3	4	2	predicted	10507706406.6	1.61599993706	-0.422799040049	
300	4	4	2	predicted	9560770462.52	1.6210000515	-0.400169518297	
300	5	4	2	predicted	7269121340.38	1.61199998856	-0.344972124109	
300	6	4	2	predicted	4850083059.97	1.63499999046	-0.336349726713	
300	7	4	2	predicted	4237116096.37	1.62400007248	-0.336301934693	
300	8	4	2	predicted	4237116096.37	1.617000103	-0.336301934693	
300	9	4	2	predicted	2797322393.28	1.61299991608	-0.325775264236	
300	10	4	2	predicted	1875991641.33	1.60899996758	-0.31880073571	
300	0	4	3	predicted	31681502273.8	1.61800003052	-0.79838051959	
300	1	4	3	predicted	27658267415.9	1.60700011253	-0.712647369683	
300	2	4	3	predicted	14880122254.2	1.65299987793	-0.497915192582	
300	3	4	3	predicted	10917811902.4	1.63999986649	-0.450584364984	
300	4	4	3	predicted	7952170559.35	1.63399982452	-0.396215923393	
300	5	4	3	predicted	4479345075.85	1.60399985313	-0.367693884461	
300	6	4	3	predicted	4117517238.08	1.62000012398	-0.357119421984	
300	7	4	3	predicted	3725128899.93	1.59300017357	-0.346868033566	
300	8	4	3	predicted	2435864975.03	1.60500001907	-0.335063882399	
300	9	4	3	predicted	1524805838.33	1.57899999619	-0.328038455371	
300	10	4	3	predicted	1204824404.33	1.60800004005	-0.320391732076	
300	0	4	4	predicted	31681502273.8	1.60199999809	-0.79838051959	
300	1	4	4	predicted	29061614669.0	1.83300018311	-0.748605130139	
300	2	4	4	predicted	12557468624.2	1.60199999809	-0.459882302591	
300	3	4	4	predicted	11101540749.0	1.63300013542	-0.445766690348	
300	4	4	4	predicted	11101540749.0	1.61299991608	-0.445766690348	
300	5	4	4	predicted	7340593467.04	1.632999897	-0.423307069228	
300	6	4	4	predicted	3010954648.38	1.63000011444	-0.368554140832	
300	7	4	4	predicted	2588724147.93	1.617000103	-0.343541469973	
300	8	4	4	predicted	1502310862.43	1.61999988556	-0.326077309806	
300	9	4	4	predicted	893363383.932	1.59800004959	-0.320867979561	
300	10	4	4	predicted	893363383.932	1.59999990463	-0.320867979561		
350	0	4	0	predicted	38107283055.3	2.13700008392	-0.971905938613	
350	1	4	0	predicted	35024997263.0	1.65299987793	-0.931511644884	
350	2	4	0	predicted	20608052377.2	1.69000005722	-0.668147980345	
350	3	4	0	predicted	16882295497.7	1.65799999237	-0.618886594075	
350	4	4	0	predicted	9073287001.47	1.67199993134	-0.472766553423	
350	5	4	0	predicted	7660748269.37	1.66100001335	-0.417112745439	
350	6	4	0	predicted	6238955565.9	1.65099978447	-0.409793158524	
350	7	4	0	predicted	4989829370.5	1.65000009537	-0.374484413708	
350	8	4	0	predicted	4027856644.0	1.88899993896	-0.37467558179	
350	9	4	0	predicted	2785897649.8	1.64700007439	-0.363205496847	
350	10	4	0	predicted	2599562705.73	1.6779999733	-0.363205496847	
350	0	4	-1	data	38107130019.3	12.632653951644897	-0.971905938613	
350	1	4	-1	data	31769604359.0	15.065968036651611	-0.841736245875	
350	2	4	-1	data	26942209473.1	14.131169080734253	-0.741422467363	
350	3	4	-1	data	22918477742.6	12.915019989013672	-0.66061810854	
350	4	4	-1	data	19669618928.6	12.551127910614014	-0.626794022843	
350	5	4	-1	data	16670078919.2	10.218926906585693	-0.580172428831	
350	6	4	-1	data	13794880088.1	11.101531028747559	-0.558164203346	
350	7	4	-1	data	11389937162.2	11.959943056106567	-0.517396653937	
350	8	4	-1	data	9499986810.53	11.488401174545288	-0.493739603742	
350	9	4	-1	data	7815010087.93	11.247529983520508	-0.469915281475	
350	10	4	-1	data	6157030918.06	11.729933977127075	-0.420081824718	
350	0	4	1	predicted	38107283055.3	1.71000003815	-0.971905938613	
350	1	4	1	predicted	31630699219.1	1.63199996948	-0.829108160272	
350	2	4	1	predicted	21142542598.0	1.65100002289	-0.664452223392	
350	3	4	1	predicted	16431325095.8	1.64600014687	-0.552774936144	
350	4	4	1	predicted	13969448067.3	1.68099999428	-0.534420171674	
350	5	4	1	predicted	12681349133.9	1.67700004578	-0.499269140525	
350	6	4	1	predicted	8802963907.36	1.70300006866	-0.452926412953	
350	7	4	1	predicted	5191701387.52	1.65600013733	-0.359712356229	
350	8	4	1	predicted	3220263233.49	1.65100002289	-0.337196840278	
350	9	4	1	predicted	1820420903.26	1.65100002289	-0.320125530521	
350	10	4	1	predicted	1763054368.68	1.66199994087	-0.318152675911	
350	0	4	2	predicted	38107283055.3	1.67600011826	-0.971905938613	
350	1	4	2	predicted	29160562908.1	1.65199995041	-0.81049292929	
350	2	4	2	predicted	14372345324.8	1.67599987984	-0.544676817214	
350	3	4	2	predicted	13318122205.4	1.66199994087	-0.536564838598	
350	4	4	2	predicted	10088043057.9	1.71399998665	-0.46442923543	
350	5	4	2	predicted	7775800856.04	1.64700007439	-0.403724288789	
350	6	4	2	predicted	5903715080.14	1.67900013924	-0.388779484988	
350	7	4	2	predicted	5360751742.16	1.66799998283	-0.392599742699	
350	8	4	2	predicted	4326505837.38	1.66799998283	-0.376248658693	
350	9	4	2	predicted	3030546749.48	1.85599994659	-0.376344242734	
350	10	4	2	predicted	1554874005.72	1.63599991798	-0.315337728442	
350	0	4	3	predicted	38107283055.3	1.65700006485	-0.971905938613	
350	1	4	3	predicted	31654415886.6	1.66400003433	-0.792867948974	
350	2	4	3	predicted	17957374188.4	1.65700006485	-0.573076269613	
350	3	4	3	predicted	15271691302.4	1.66499996185	-0.518626342627	
350	4	4	3	predicted	14106139332.1	1.65700006485	-0.468874849186	
350	5	4	3	predicted	10252769950.7	1.86000013351	-0.429217269455	
350	6	4	3	predicted	8559287960.68	1.65300011635	-0.419816579004	
350	7	4	3	predicted	7604624923.68	1.65400004387	-0.429003161203	
350	8	4	3	predicted	5153615353.19	1.63700008392	-0.386970079089	
350	9	4	3	predicted	3850318390.52	1.63800001144	-0.373172522742	
350	10	4	3	predicted	2213273465.56	1.66700005531	-0.350662481042	
350	0	4	4	predicted	38107283055.3	1.64999985695	-0.971905938613	
350	1	4	4	predicted	33217546772.8	1.58899998665	-0.857462210252	
350	2	4	4	predicted	18852946471.9	1.60199999809	-0.605627653801	
350	3	4	4	predicted	14855877398.8	1.66200017929	-0.553175911197	
350	4	4	4	predicted	11268619458.5	1.61400008202	-0.486314874382	
350	5	4	4	predicted	10741623674.5	1.64299988747	-0.486386562413	
350	6	4	4	predicted	10271613490.9	1.63700008392	-0.486386562413	
350	7	4	4	predicted	8854163561.56	1.59899997711	-0.445689984155	
350	8	4	4	predicted	7711172283.84	1.6289999485	-0.433319975464	
350	9	4	4	predicted	4746559241.84	1.67499995232	-0.380102604689	
350	10	4	4	predicted	2087794888.87	1.6210000515	-0.327856367773	
400	0	4	0	predicted	34529305842.5	2.09699988365	-0.823713635948	
400	1	4	0	predicted	32738881007.1	2.09299993515	-0.793592476007	
400	2	4	0	predicted	24363004112.8	2.10500001907	-0.723591025519	
400	3	4	0	predicted	18167728957.2	2.04199981689	-0.571196609443	
400	4	4	0	predicted	13575589508.0	2.10399985313	-0.535853215411	
400	5	4	0	predicted	11195822481.7	2.21399998665	-0.486521096951	
400	6	4	0	predicted	9821735792.44	2.1930000782	-0.443579966445	
400	7	4	0	predicted	8434473359.46	2.16900014877	-0.425275622557	
400	8	4	0	predicted	5295791589.42	2.21900010109	-0.394497561293	
400	9	4	0	predicted	3291659571.17	2.0569999218	-0.364573304477	
400	10	4	0	predicted	2787671858.39	2.22199988365	-0.352529715286	
400	0	4	-1	data	34529071655.5	18.009614944458008	-0.823713635948	
400	1	4	-1	data	29181710060.1	18.758960962295532	-0.798095918107	
400	2	4	-1	data	25768398064.1	16.347907066345215	-0.745894844651	
400	3	4	-1	data	22476910456.8	17.32483410835266	-0.725153107712	
400	4	4	-1	data	19757381840.7	15.183904886245728	-0.717759682126	
400	5	4	-1	data	17300450280.8	15.422621965408325	-0.653919817893	
400	6	4	-1	data	15252384441.3	17.73758602142334	-0.655166950671	
400	7	4	-1	data	13338918809.8	16.199837923049927	-0.648906195973	
400	8	4	-1	data	10651995896.1	16.211697101593018	-0.584936576404	
400	9	4	-1	data	9075300982.25	13.91623592376709	-0.573875591157	
400	10	4	-1	data	7650360043.85	15.086359024047852	-0.5732781909	
400	0	4	1	predicted	34529305842.5	2.08299994469	-0.823713635948	
400	1	4	1	predicted	32577802495.1	2.70499992371	-0.7983109822	
400	2	4	1	predicted	18013515107.5	2.15400004387	-0.56190942504	
400	3	4	1	predicted	14002931596.5	2.12800002098	-0.492767514043	
400	4	4	1	predicted	12353619878.7	2.08800005913	-0.473688939421	
400	5	4	1	predicted	12090528908.1	2.16600012779	-0.456244851903	
400	6	4	1	predicted	11700980356.5	2.32100009918	-0.456244851903	
400	7	4	1	predicted	9904003098.02	2.18799996376	-0.45918406117	
400	8	4	1	predicted	7759232364.52	2.15999984741	-0.43672181149	
400	9	4	1	predicted	7521231711.42	2.17499995232	-0.43915920454	
400	10	4	1	predicted	5786972216.34	2.25800013542	-0.377803808498	
400	0	4	2	predicted	34529305842.5	2.22000002861	-0.823713635948	
400	1	4	2	predicted	33193003736.6	2.1930000782	-0.811192126551	
400	2	4	2	predicted	22722214644.1	2.27300000191	-0.712120940576	
400	3	4	2	predicted	17633826771.2	2.35199999809	-0.590385105712	
400	4	4	2	predicted	15847877502.0	2.24699997902	-0.564911958734	
400	5	4	2	predicted	14845744311.5	2.50400018692	-0.552610053673	
400	6	4	2	predicted	14375747852.8	2.61899995804	-0.552610053673	
400	7	4	2	predicted	11003309704.1	2.17500019073	-0.522260208913	
400	8	4	2	predicted	10096214281.9	2.13100004196	-0.507683642631	
400	9	4	2	predicted	8767255880.49	2.13300013542	-0.497910174419	
400	10	4	2	predicted	5544549195.61	2.23799991608	-0.380440972195	
400	0	4	3	predicted	34529305842.5	2.21099996567	-0.823713635948	
400	1	4	3	predicted	34009405492.5	2.17100000381	-0.811287710593	
400	2	4	3	predicted	18866555351.7	2.69799995422	-0.565533971883	
400	3	4	3	predicted	15968627869.4	2.15499997139	-0.531052029022	
400	4	4	3	predicted	12026676768.7	3.29899978638	-0.493559188864	
400	5	4	3	predicted	9569037591.53	2.12400007248	-0.455459390045	
400	6	4	3	predicted	7745273971.03	2.5600001812	-0.405969557917	
400	7	4	3	predicted	6554058783.57	2.24099993706	-0.405969557917	
400	8	4	3	predicted	5742087475.87	2.21599984169	-0.408550327029	
400	9	4	3	predicted	4509812270.35	3.03200006485	-0.371696227226	
400	10	4	3	predicted	3517120535.78	3.6970000267	-0.376876165379	
400	0	4	4	predicted	34529305842.5	2.1850001812	-0.823713635948	
400	1	4	4	predicted	32403447662.9	2.18099999428	-0.819030017929	
400	2	4	4	predicted	21216088172.0	2.19400000572	-0.717751079562	
400	3	4	4	predicted	20146110656.2	2.18700003624	-0.720198031017	
400	4	4	4	predicted	12362072958.8	2.44599986076	-0.484657208148	
400	5	4	4	predicted	10654967125.9	2.78299999237	-0.484537728096	
400	6	4	4	predicted	9261837148.98	2.34299993515	-0.431813570974	
400	7	4	4	predicted	6555541444.81	2.28100013733	-0.390634293308	
400	8	4	4	predicted	5453457758.67	2.21700000763	-0.372181794155	
400	9	4	4	predicted	3560179679.21	2.19499993324	-0.32007582682	
400	10	4	4	predicted	2947717498.36	2.28699994087	-0.315678960925	
450	0	4	0	predicted	42284202752.1	2.33999991417	-0.979832006268	
450	1	4	0	predicted	35727094084.1	2.34700012207	-0.857167811405	
450	2	4	0	predicted	21585399887.7	2.40900015831	-0.63003527768	
450	3	4	0	predicted	19840876105.1	2.6779999733	-0.578900205243	
450	4	4	0	predicted	16377022077.9	3.06200003624	-0.481403288426	
450	5	4	0	predicted	14528110726.5	3.37400007248	-0.481427184436	
450	6	4	0	predicted	12442381893.6	2.35100007057	-0.481474976456	
450	7	4	0	predicted	11401666855.3	2.35100007057	-0.384696134749	
450	8	4	0	predicted	8936832608.3	2.63100004196	-0.34098316311	
450	9	4	0	predicted	7097374106.06	2.40300011635	-0.316470396786	
450	10	4	0	predicted	5416090572.06	2.42600011826	-0.296237883827	
450	0	4	-1	data	42284126750.1	20.141530990600586	-0.979832006268	
450	1	4	-1	data	32793317442.1	18.46494698524475	-0.883073237209	
450	2	4	-1	data	28651580691.4	17.257776975631714	-0.801936723843	
450	3	4	-1	data	24776353757.7	18.632200002670288	-0.728495203712	
450	4	4	-1	data	21631379380.3	19.609193086624146	-0.70517030806	
450	5	4	-1	data	18761719584.8	18.703221797943115	-0.683066498534	
450	6	4	-1	data	16344735772.1	17.74524712562561	-0.674765024557	
450	7	4	-1	data	14334940517.8	17.272294998168945	-0.67545795928	
450	8	4	-1	data	12575034946.0	16.2165789604187	-0.650980369667	
450	9	4	-1	data	10968037736.6	16.518998861312866	-0.627999098642	
450	10	4	-1	data	9303242956.82	16.27473497390747	-0.576792338174	
450	0	4	1	predicted	42284202752.1	2.30800008774	-0.979832006268	
450	1	4	1	predicted	34002300360.4	2.40399980545	-0.867850283849	
450	2	4	1	predicted	24502496256.3	2.42299985886	-0.689023773902	
450	3	4	1	predicted	20837598298.2	4.53700017929	-0.646154331427	
450	4	4	1	predicted	15212657872.5	2.44999980927	-0.510392733319	
450	5	4	1	predicted	12827042439.7	2.44599986076	-0.418979262803	
450	6	4	1	predicted	9377020831.01	2.47000002861	-0.386313416726	
450	7	4	1	predicted	7734883069.13	2.40799999237	-0.369490625476	
450	8	4	1	predicted	7734883069.13	2.367000103	-0.369490625476	
450	9	4	1	predicted	7422236719.59	5.07399988174	-0.339303512546	
450	10	4	1	predicted	7416826508.28	2.39599990845	-0.33917375721	
450	0	4	2	predicted	42284202752.1	2.40900015831	-0.979832006268	
450	1	4	2	predicted	39154603340.2	2.79499983788	-0.949830326379	
450	2	4	2	predicted	27356457990.4	2.59600019455	-0.76816807689	
450	3	4	2	predicted	18837709729.3	2.41900014877	-0.614917944685	
450	4	4	2	predicted	17399616933.3	2.48799991608	-0.568624920815	
450	5	4	2	predicted	16138838221.8	2.47699999809	-0.543222267067	
450	6	4	2	predicted	13056855719.5	2.42700004578	-0.504056706188	
450	7	4	2	predicted	8960643474.23	2.4240000248	-0.363041331256	
450	8	4	2	predicted	7691796833.86	2.41300010681	-0.362412866185	
450	9	4	2	predicted	7613745994.35	2.60399985313	-0.343751754863	
450	10	4	2	predicted	3793808954.74	3.01300001144	-0.321273016936	
450	0	4	3	predicted	42284202752.1	2.46700000763	-0.979832006268	
450	1	4	3	predicted	34004390126.2	2.38100004196	-0.876974497461	
450	2	4	3	predicted	22037227740.3	2.60800004005	-0.630669238833	
450	3	4	3	predicted	22037227740.3	2.57100009918	-0.630669238833	
450	4	4	3	predicted	18315028266.9	2.41499996185	-0.545162145183	
450	5	4	3	predicted	13990600750.4	2.6099998951	-0.473117346855	
450	6	4	3	predicted	12738563515.1	2.98300004005	-0.425499767133	
450	7	4	3	predicted	9634151768.46	2.76600003242	-0.411396341855	
450	8	4	3	predicted	7385551366.11	2.40999984741	-0.362600688826	
450	9	4	3	predicted	6950574423.61	2.52200007439	-0.362720168878	
450	10	4	3	predicted	6257531974.41	2.52900004387	-0.36687807467	
450	0	4	4	predicted	42284202752.1	2.51799988747	-0.979832006268	
450	1	4	4	predicted	33104338297.9	3.29600000381	-0.880419585266	
450	2	4	4	predicted	19732172715.7	2.28299999237	-0.656292213796	
450	3	4	4	predicted	13928717205.1	2.31200003624	-0.524590547838	
450	4	4	4	predicted	12436777894.6	2.30399990082	-0.488937700473	
450	5	4	4	predicted	12436788972.6	2.27100014687	-0.488937700473	
450	6	4	4	predicted	9197753518.45	2.55099987984	-0.37576547882	
450	7	4	4	predicted	7530457766.11	2.30700016022	-0.353737897567	
450	8	4	4	predicted	6630502564.61	2.31699991226	-0.35397685767	
450	9	4	4	predicted	6445210657.19	2.29999995232	-0.332912763552	
450	10	4	4	predicted	5552905039.61	2.29700016975	-0.329645462064	
