50	0	4	0	predicted	16848585039.043	0.0	-0.34580065382800235	
50	1	4	0	predicted	5410089496.84	14.0579998493	-0.110193286855	
50	2	4	0	predicted	1264337364.74	27.251999855	-0.024800059995	
50	3	4	0	predicted	85633047.138	29.0650000572	-0.000520878292788	
50	4	4	0	predicted	62477152.275	18.731000185	-4.53134660973e-05	
50	5	4	0	predicted	62437706.475	12.7369999886	-4.53134660973e-05	
50	6	4	0	predicted	62428015.475	7.55000019073	-4.53134660973e-05	
50	7	4	0	predicted	62428015.475	7.36199998856	-4.53134660973e-05	
50	8	4	0	predicted	62428015.475	6.93499994278	-4.53134660973e-05	
50	9	4	0	predicted	62428015.475	7.03600001335	-4.53134660973e-05	
50	10	4	0	predicted	62428015.475	7.96600008011	-4.53134660973e-05	
50	0	4	-1	data	16848585039.0	2.3508670330047607	-0.345800653828	
50	1	4	-1	data	2267522188.14	3.0337319374084473	-0.0454630005354	
50	2	4	-1	data	203364318.238	2.1190998554229736	-0.00294514872899	
50	3	4	-1	data	62481945.475	2.4758810997009277	-4.53134660973e-05	
50	4	4	-1	data	62428015.475	1.8294899463653564	-4.53134660972e-05	
50	5	4	-1	data	62428015.475	1.968522071838379	-4.53134660972e-05	
50	6	4	-1	data	62428015.475	1.7042689323425293	-4.53134660972e-05	
50	7	4	-1	data	62428015.475	1.7451541423797607	-4.53134660972e-05	
50	8	4	-1	data	62428015.475	2.8346190452575684	-4.53134660972e-05	
50	9	4	-1	data	62428015.475	2.5455281734466553	-4.53134660972e-05	
50	10	4	-1	data	62428015.475	2.0535929203033447	-4.53134660972e-05	
60	0	4	0	predicted	3744967218.1049995	0.0	-0.07589257899100055	
60	1	4	0	predicted	1229545865.0	27.8539998531	-0.0240766305088	
60	2	4	0	predicted	877190198.305	25.1340000629	-0.0168264759332	
60	3	4	0	predicted	420661481.505	27.0250000954	-0.00742393171804	
60	4	4	0	predicted	103148679.073	20.248000145	-0.000883612588897	
60	5	4	0	predicted	103123376.073	21.6180000305	-0.000883612588897	
60	6	4	0	predicted	103123376.073	17.6899998188	-0.000883612588897	
60	7	4	0	predicted	103123376.073	17.8589999676	-0.000883612588897	
60	8	4	0	predicted	103123376.073	17.9449999332	-0.000883612588897	
60	9	4	0	predicted	103123376.073	17.3849999905	-0.000883612588897	
60	10	4	0	predicted	103123376.073	18.6470000744	-0.000883612588897	
60	0	4	-1	data	3744967218.1	3.301496982574463	-0.075892578991	
60	1	4	-1	data	103612709.173	4.683167934417725	-0.000883612588897	
60	2	4	-1	data	62505576.073	3.772428035736084	-4.53134660973e-05	
60	3	4	-1	data	62428427.073	3.190016984939575	-4.53134660973e-05	
60	4	4	-1	data	62428427.073	3.098134994506836	-4.53134660973e-05	
60	5	4	-1	data	62428427.073	3.033557176589966	-4.53134660973e-05	
60	6	4	-1	data	62428427.073	2.8348629474639893	-4.53134660973e-05	
60	7	4	-1	data	62428427.073	3.8347620964050293	-4.53134660973e-05	
60	8	4	-1	data	62428427.073	4.176872968673706	-4.53134660973e-05	
60	9	4	-1	data	62428427.073	5.309825897216797	-4.53134660973e-05	
60	10	4	-1	data	62428427.073	4.8505189418792725	-4.53134660973e-05	
70	0	4	0	predicted	6762562993.933	0.0	-0.13803999774338932	
70	1	4	0	predicted	2768506300.53	46.3409998417	-0.0557770251211	
70	2	4	0	predicted	1942587183.28	38.5789999962	-0.0387661233809	
70	3	4	0	predicted	1942547332.28	36.9459998608	-0.0387661233809	
70	4	4	0	predicted	1756491990.38	37.5580000877	-0.0349371354956	
70	5	4	0	predicted	1159627482.71	31.8839998245	-0.0226442718455	
70	6	4	0	predicted	1088090694.71	32.3740000725	-0.0211715841973	
70	7	4	0	predicted	851016585.066	29.9720001221	-0.016288151956	
70	8	4	0	predicted	850993527.066	29.1980001926	-0.016288151956	
70	9	4	0	predicted	850993527.066	29.8459999561	-0.016288151956	
70	10	4	0	predicted	850993527.066	30.9479999542	-0.016288151956	
70	0	4	-1	data	6762562993.93	6.288620948791504	-0.138039997743	
70	1	4	-1	data	2768506300.53	6.015239000320435	-0.0557770251211	
70	2	4	-1	data	922845518.249	5.310014009475708	-0.0177608396042	
70	3	4	-1	data	269550443.832	5.7702741622924805	-0.00430477927924	
70	4	4	-1	data	62533886.332	5.24733304977417	-4.53134660973e-05	
70	5	4	-1	data	62458317.765	4.668751955032349	-4.53134660973e-05	
70	6	4	-1	data	62429253.765	4.029437065124512	-4.53134660973e-05	
70	7	4	-1	data	62429253.765	4.028786897659302	-4.53134660973e-05	
70	8	4	-1	data	62429253.765	4.44015097618103	-4.53134660973e-05	
70	9	4	-1	data	62429253.765	3.3599400520324707	-4.53134660973e-05	
70	10	4	-1	data	62429253.765	5.184813976287842	-4.53134660973e-05	
80	0	4	0	predicted	14683831545.83	0.0	-0.3012094843803349	
80	1	4	0	predicted	6265958206.37	40.5069999695	-0.127819318898	
80	2	4	0	predicted	1330620020.7	34.6480000019	-0.0261649015939	
80	3	4	0	predicted	468453217.481	19.6430001259	-0.00840723393235	
80	4	4	0	predicted	62482258.249	19.2569999695	-4.53134660973e-05	
80	5	4	0	predicted	62454179.249	6.47599983215	-4.53134660973e-05	
80	6	4	0	predicted	62440424.249	6.45700001717	-4.53134660973e-05	
80	7	4	0	predicted	62440424.249	5.01999998093	-4.53134660973e-05	
80	8	4	0	predicted	62431480.249	6.37599992752	-4.53134660973e-05	
80	9	4	0	predicted	62421789.249	0.299000024796	-4.53134660973e-05	
80	10	4	0	predicted	62421789.249	0.323000192642	-4.53134660973e-05	
80	0	4	-1	data	14683831545.8	6.7742979526519775	-0.30120948438	
80	1	4	-1	data	4485192510.53	6.645982980728149	-0.0911416931694	
80	2	4	-1	data	1679483088.13	6.438962936401367	-0.0333507110476	
80	3	4	-1	data	380208230.254	4.334964990615845	-0.00658948423986	
80	4	4	-1	data	62495625.249	3.876544952392578	-4.53134660973e-05	
80	5	4	-1	data	62435544.249	3.7729990482330322	-4.53134660973e-05	
80	6	4	-1	data	62421789.249	2.1274309158325195	-4.53134660973e-05	
80	7	4	-1	data	62421789.249	1.85685396194458	-4.53134660973e-05	
80	8	4	-1	data	62421789.249	2.1915440559387207	-4.53134660973e-05	
80	9	4	-1	data	62421789.249	1.8516690731048584	-4.53134660973e-05	
80	10	4	-1	data	62421789.249	2.5866379737854004	-4.53134660973e-05	
90	0	4	0	predicted	16716306744.785	0.0	-0.34307368943826927	
90	1	4	0	predicted	8662485205.67	30.2690000534	-0.177183582297	
90	2	4	0	predicted	7447058140.37	24.0469999313	-0.152147892278	
90	3	4	0	predicted	3787394893.17	21.7760000229	-0.0767689414253	
90	4	4	0	predicted	1272025617.01	20.4530000687	-0.0249566180204	
90	5	4	0	predicted	581466617.958	20.618999958	-0.0107345335511	
90	6	4	0	predicted	62484509.417	15.1539998055	-4.53134660973e-05	
90	7	4	0	predicted	62451555.313	11.8090000153	-4.53134660973e-05	
90	8	4	0	predicted	62431252.313	6.8789999485	-4.53134660973e-05	
90	9	4	0	predicted	62431252.313	5.24899983406	-4.53134660973e-05	
90	10	4	0	predicted	62431252.313	6.73000001907	-4.53134660973e-05	
90	0	4	-1	data	16716306744.8	5.431733846664429	-0.343073689438	
90	1	4	-1	data	6036979489.18	4.653898000717163	-0.123099468269	
90	2	4	-1	data	1606794952.21	5.31383204460144	-0.0318474368098	
90	3	4	-1	data	312271841.264	5.399281978607178	-0.00518454022352	
90	4	4	-1	data	62585463.017	3.9079151153564453	-4.53134660974e-05	
90	5	4	-1	data	62491813.617	3.1709048748016357	-4.53134661086e-05	
90	6	4	-1	data	62431973.417	2.820693016052246	-4.53134660973e-05	
90	7	4	-1	data	62431973.417	2.9803829193115234	-4.53134660973e-05	
90	8	4	-1	data	62431973.417	2.4119651317596436	-4.53134660973e-05	
90	9	4	-1	data	62431973.417	2.995790958404541	-4.53134660973e-05	
90	10	4	-1	data	62431973.417	2.981827974319458	-4.53134660973e-05	
100	0	4	0	predicted	28241838083.144	0.0	-0.5804759228030729	
100	1	4	0	predicted	19097966976.9	69.5130000114	-0.39213050097	
100	2	4	0	predicted	8640035324.01	64.8580000401	-0.176720025539	
100	3	4	0	predicted	7221026421.31	51.7939999104	-0.147492839906	
100	4	4	0	predicted	6012237510.51	50.006000042	-0.122593090285	
100	5	4	0	predicted	2827022214.97	42.3090000153	-0.056982816454	
100	6	4	0	predicted	885923581.509	40.0980000496	-0.0170029718837	
100	7	4	0	predicted	321135230.537	26.5260000229	-0.00537123170384	
100	8	4	0	predicted	62496158.197	17.8800001144	-4.53134660973e-05	
100	9	4	0	predicted	62422952.197	12.5299999714	-4.53134660973e-05	
100	10	4	0	predicted	62422952.197	12.5419998169	-4.53134660973e-05	
100	0	4	-1	data	28241838083.1	13.170504808425903	-0.580475922803	
100	1	4	-1	data	13760995883.3	11.992310047149658	-0.282200032218	
100	2	4	-1	data	7122214893.64	6.196598052978516	-0.145457359009	
100	3	4	-1	data	3397634552.37	6.507705926895142	-0.0687403015022	
100	4	4	-1	data	1472625428.22	5.659063100814819	-0.0290885264265	
100	5	4	-1	data	494854130.924	6.923850774765015	-0.00894669074624	
100	6	4	-1	data	240329636.83	6.497136116027832	-0.0037055086901	
100	7	4	-1	data	62573740.597	5.947758913040161	-4.53134660973e-05	
100	8	4	-1	data	62448714.997	3.2259838581085205	-4.53134660973e-05	
100	9	4	-1	data	62407651.997	2.75679612159729	-4.53134660973e-05	
100	10	4	-1	data	62407651.997	4.214292049407959	-4.53134660973e-05	
110	0	4	0	predicted	23789756864.605	0.0	-0.4887698504134514	
110	1	4	0	predicted	13096754576.4	69.7430000305	-0.26851423262	
110	2	4	0	predicted	7570403100.19	60.5889999866	-0.154685219812	
110	3	4	0	predicted	5199660145.5	51.756000042	-0.105853842775	
110	4	4	0	predicted	2723458299.06	46.6540000439	-0.0548492319028	
110	5	4	0	predicted	1722876483.33	32.614000082	-0.0342374955791	
110	6	4	0	predicted	684460335.733	24.3440001011	-0.0128495395812	
110	7	4	0	predicted	62868762.358	26.0329999924	-4.53134660973e-05	
110	8	4	0	predicted	62518585.658	0.503999948502	-4.53134660973e-05	
110	9	4	0	predicted	62458196.258	0.473999977112	-4.53134660973e-05	
110	10	4	0	predicted	62439937.258	0.419999837875	-4.53134660973e-05	
110	0	4	-1	data	23789756864.6	7.380417108535767	-0.488769850413	
110	1	4	-1	data	12512590888.2	8.36192512512207	-0.256482374534	
110	2	4	-1	data	6751717449.6	8.381364107131958	-0.137822493106	
110	3	4	-1	data	4144828069.6	9.508455038070679	-0.0841260357809	
110	4	4	-1	data	2735802125.0	3.268156051635742	-0.0551027607456	
110	5	4	-1	data	1458910108.33	1.404203176498413	-0.0287998796474	
110	6	4	-1	data	412777822.233	1.9469799995422363	-0.00725332651819	
110	7	4	-1	data	79348195.858	4.642966985702515	-0.000385164461827	
110	8	4	-1	data	62529761.658	4.668500900268555	-4.53134660973e-05	
110	9	4	-1	data	62458196.258	1.4588820934295654	-4.53134660973e-05	
110	10	4	-1	data	62439937.258	2.8634610176086426	-4.53134660973e-05	
120	0	4	0	predicted	21870262799.085	0.0	-0.449226827656349	
120	1	4	0	predicted	11814711386.2	79.3110001087	-0.242106677415	
120	2	4	0	predicted	9236135218.01	57.4249999523	-0.188999295149	
120	3	4	0	predicted	6618209384.59	56.7030000687	-0.135076270493	
120	4	4	0	predicted	6068616164.18	59.5090000629	-0.12375628696	
120	5	4	0	predicted	3143287327.26	52.4119999409	-0.063501158552	
120	6	4	0	predicted	1759517742.76	30.6339998245	-0.0349989883769	
120	7	4	0	predicted	1096453329.29	24.3420000076	-0.0213408299932	
120	8	4	0	predicted	680614375.729	18.7769999504	-0.0127765849008	
120	9	4	0	predicted	281887143.318	13.8819999695	-0.00456419887265	
120	10	4	0	predicted	62470128.482	15.9479999542	-4.53134660973e-05	
120	0	4	-1	data	21870262799.1	12.740217924118042	-0.449226827656	
120	1	4	-1	data	10944706471.7	8.461836814880371	-0.224185201574	
120	2	4	-1	data	7387870218.32	6.797376871109009	-0.150927600636	
120	3	4	-1	data	4727042924.92	13.576984882354736	-0.0961209633915	
120	4	4	-1	data	2764029496.33	15.000303983688354	-0.0556884372949	
120	5	4	-1	data	1349342281.45	12.211978912353516	-0.0265480269497	
120	6	4	-1	data	577523448.552	8.73042106628418	-0.0106513833408	
120	7	4	-1	data	62608677.803	12.539155960083008	-4.53134660973e-05	
120	8	4	-1	data	62501803.482	8.062424898147583	-4.53134660973e-05	
120	9	4	-1	data	62447988.482	7.121158123016357	-4.53134660973e-05	
120	10	4	-1	data	62447988.482	6.561723947525024	-4.53134660973e-05	
130	0	4	0	predicted	14872927288.521	0.0	-0.3051041767913942	
130	1	4	0	predicted	10547891174.2	80.6949999332	-0.216017902444	
130	2	4	0	predicted	9707547959.52	79.9670000076	-0.198708158395	
130	3	4	0	predicted	8914466997.42	82.7239999771	-0.182372653867	
130	4	4	0	predicted	8638355547.62	80.7339999676	-0.176685813872	
130	5	4	0	predicted	7558910505.15	85.513999939	-0.15445117576	
130	6	4	0	predicted	6659137250.75	75.3940000534	-0.135917968126	
130	7	4	0	predicted	3090408620.1	66.763999939	-0.0624106899904	
130	8	4	0	predicted	1482847252.76	52.5529999733	-0.0292992340438	
130	9	4	0	predicted	236062197.901	41.9509999752	-0.00361918653719	
130	10	4	0	predicted	229461414.83	35.8600001335	-0.00348415240822	
130	0	4	-1	data	14872927288.5	8.1265869140625	-0.305104176791	
130	1	4	-1	data	6879670084.12	10.65371298789978	-0.140457697727	
130	2	4	-1	data	3933578784.63	9.647525072097778	-0.0797734507949	
130	3	4	-1	data	2216533612.03	6.768764019012451	-0.044406290506	
130	4	4	-1	data	953301546.744	9.39023494720459	-0.0183863920036	
130	5	4	-1	data	365023248.756	8.230834007263184	-0.00627002430388	
130	6	4	-1	data	71632999.69	6.8184731006622314	-0.000226567330486	
130	7	4	-1	data	62635774.99	6.414422988891602	-4.53134660973e-05	
130	8	4	-1	data	62526783.09	4.422134876251221	-4.53134660973e-05	
130	9	4	-1	data	62471340.635	5.656485080718994	-4.53134660972e-05	
130	10	4	-1	data	62449251.635	5.320745944976807	-4.53134660972e-05	
140	0	4	0	predicted	23347790337.008	0.0	-0.4796686407478173	
140	1	4	0	predicted	17022202883.0	73.5820000172	-0.34937271436	
140	2	4	0	predicted	12437481261.2	81.0279998779	-0.254939451014	
140	3	4	0	predicted	10014259849.1	85.6210000515	-0.205026668108	
140	4	4	0	predicted	5918788921.31	80.9090001583	-0.120665908572	
140	5	4	0	predicted	4377785238.21	72.4379999638	-0.0889238255712	
140	6	4	0	predicted	1296231185.97	66.8210000992	-0.0254491753969	
140	7	4	0	predicted	1012847372.05	42.882999897	-0.0196123478289	
140	8	4	0	predicted	515333425.999	44.8800001144	-0.00936969195226	
140	9	4	0	predicted	509068545.294	37.6039998531	-0.00924394708384	
140	10	4	0	predicted	509016063.294	33.2079999447	-0.00924394708384	
140	0	4	-1	data	23347790337.0	11.026484966278076	-0.479668640748	
140	1	4	-1	data	12385464007.6	14.612324953079224	-0.25386189679	
140	2	4	-1	data	7368223442.05	12.407185077667236	-0.150517966903	
140	3	4	-1	data	4578410104.99	10.1334810256958	-0.093054148006	
140	4	4	-1	data	2451631019.64	6.964723110198975	-0.0492498468971	
140	5	4	-1	data	1177044839.04	6.702881813049316	-0.0229954512077	
140	6	4	-1	data	410695859.361	2.6693191528320312	-0.00721005215806	
140	7	4	-1	data	62911054.994	1.6121759414672852	-4.53134660974e-05	
140	8	4	-1	data	62515374.694	3.8402938842773438	-4.53134660973e-05	
140	9	4	-1	data	62471736.694	3.9193108081817627	-4.53134660973e-05	
140	10	4	-1	data	62431601.694	2.28971791267395	-4.53134660973e-05	
150	0	4	0	predicted	13898547475.35	0.0	-0.285031670714292	
150	1	4	0	predicted	9323773528.65	116.075999975	-0.190802317965	
150	2	4	0	predicted	5450418034.58	93.2509999275	-0.111021843583	
150	3	4	0	predicted	3294584837.78	96.1960000992	-0.0666146468076	
150	4	4	0	predicted	3294553800.78	83.1870000362	-0.0666146468076	
150	5	4	0	predicted	2254011004.68	75.9869999886	-0.0451813773436	
150	6	4	0	predicted	1091785928.56	55.8310000896	-0.021244765445	
150	7	4	0	predicted	346287173.956	45.7449998856	-0.00589075059264	
150	8	4	0	predicted	180162495.077	38.5739998817	-0.0024695839023	
150	9	4	0	predicted	180128754.077	23.2599999905	-0.0024695839023	
150	10	4	0	predicted	180128754.077	22.9079999924	-0.0024695839023	
150	0	4	-1	data	13898547475.4	6.1864800453186035	-0.285031670714	
150	1	4	-1	data	6770181080.53	6.419836044311523	-0.13820493876	
150	2	4	-1	data	3618526511.86	4.787115812301636	-0.0732881875271	
150	3	4	-1	data	1798127993.66	6.035969018936157	-0.0357912943316	
150	4	4	-1	data	778523286.09	4.113631963729858	-0.0147885027955	
150	5	4	-1	data	62724450.2	4.629784107208252	-4.53134660972e-05	
150	6	4	-1	data	62510063.2	5.224024057388306	-4.53134660973e-05	
150	7	4	-1	data	62438941.456	1.9530110359191895	-4.53134660973e-05	
150	8	4	-1	data	62431283.456	2.8045918941497803	-4.53134660973e-05	
150	9	4	-1	data	62431283.456	1.2447998523712158	-4.53134660973e-05	
150	10	4	-1	data	62431283.456	1.514056921005249	-4.53134660973e-05	
160	0	4	0	predicted	31973841164.253	0.0	-0.6573427413151646	
160	1	4	0	predicted	10950159926.9	148.845000029	-0.224303922855	
160	2	4	0	predicted	6615747682.34	119.571000099	-0.135024613142	
160	3	4	0	predicted	3981665966.0	61.5659999847	-0.0807687610777	
160	4	4	0	predicted	2092906061.13	63.8420000076	-0.0418617128173	
160	5	4	0	predicted	1957490798.03	49.5170001984	-0.0390749346523	
160	6	4	0	predicted	1523191317.07	39.0669999123	-0.0301296033101	
160	7	4	0	predicted	1315571754.05	33.6559998989	-0.0258524652451	
160	8	4	0	predicted	1315460668.05	28.5649998188	-0.0258524652451	
160	9	4	0	predicted	521729902.021	29.0520000458	-0.00950495264856	
160	10	4	0	predicted	441424753.721	15.6229999065	-0.00785101113601	
160	0	4	-1	data	31973841164.3	7.85111403465271	-0.657342741315	
160	1	4	-1	data	12162968192.6	10.922813892364502	-0.249284783579	
160	2	4	-1	data	6247851960.24	11.715750932693481	-0.127446389072	
160	3	4	-1	data	3666437519.82	6.717781066894531	-0.074275341386	
160	4	4	-1	data	2304250123.61	7.4498679637908936	-0.0462145243706	
160	5	4	-1	data	1446917271.87	11.018240928649902	-0.0285579057385	
160	6	4	-1	data	453777799.801	7.272416830062866	-0.00810204773819	
160	7	4	-1	data	62676727.651	7.199414014816284	-4.53134660973e-05	
160	8	4	-1	data	62518669.873	7.059039115905762	-4.53134660974e-05	
160	9	4	-1	data	62447484.873	5.208194017410278	-4.53134660973e-05	
160	10	4	-1	data	62447484.873	5.52394700050354	-4.53134660973e-05	
170	0	4	0	predicted	30645097409.06	0.0	-0.6299752203310649	
170	1	4	0	predicted	16938973722.5	117.721999884	-0.347657599669	
170	2	4	0	predicted	13609419725.0	112.993000031	-0.279077934404	
170	3	4	0	predicted	7258118055.1	113.037000179	-0.148252293598	
170	4	4	0	predicted	3965759670.9	83.4660000801	-0.0804406915832	
170	5	4	0	predicted	2069588224.38	74.631000042	-0.0413841088846	
170	6	4	0	predicted	1067029374.2	66.4170000553	-0.0207354420861	
170	7	4	0	predicted	1067001556.2	46.245000124	-0.0207354420861	
170	8	4	0	predicted	765817342.325	41.2459998131	-0.0145311223081	
170	9	4	0	predicted	483751241.288	35.0510001183	-0.00872102968508	
170	10	4	0	predicted	62508435.427	16.8060002327	-4.53134660973e-05	
170	0	4	-1	data	30645097409.1	8.294885873794556	-0.629975220331	
170	1	4	-1	data	19571802546.8	8.985694885253906	-0.401889435596	
170	2	4	-1	data	13135436897.4	9.645496129989624	-0.26931288246	
170	3	4	-1	data	8180744662.8	4.433161973953247	-0.167259706654	
170	4	4	-1	data	4641069675.2	8.103736877441406	-0.0943503397037	
170	5	4	-1	data	2781021035.7	10.344436168670654	-0.0560393900898	
170	6	4	-1	data	1619480148.5	8.083893060684204	-0.0321138799905	
170	7	4	-1	data	651270895.158	5.5714452266693115	-0.0121711969937	
170	8	4	-1	data	246037992.551	7.603121042251587	-0.00382400340395	
170	9	4	-1	data	85331249.272	5.74539589881897	-0.000513854705542	
170	10	4	-1	data	62519973.627	6.409027099609375	-4.53134660973e-05	
180	0	4	0	predicted	33583589420.484	0.0	-0.6905013232664938	
180	1	4	0	predicted	31290114430.9	166.345999956	-0.64326203486	
180	2	4	0	predicted	28998886517.1	151.812000036	-0.59606805992	
180	3	4	0	predicted	27655815964.0	151.838999987	-0.568404188867	
180	4	4	0	predicted	21135493733.8	144.452000141	-0.434098473865	
180	5	4	0	predicted	16761056823.1	111.325999975	-0.343997177877	
180	6	4	0	predicted	6072776073.65	122.096999884	-0.123831507314	
180	7	4	0	predicted	4145762856.95	98.0149998665	-0.0841369110127	
180	8	4	0	predicted	3869571742.75	79.5120000839	-0.0784500710175	
180	9	4	0	predicted	2965434841.55	90.4409999847	-0.0598262364516	
180	10	4	0	predicted	1940933595.75	82.0880000591	-0.0387328179833	
180	0	4	-1	data	33583589420.5	5.776108980178833	-0.690501323266	
180	1	4	-1	data	21577292488.2	2.816359043121338	-0.443191073972	
180	2	4	-1	data	14536734326.5	7.553128004074097	-0.298171669613	
180	3	4	-1	data	10328396109.5	9.952423095703125	-0.211490407479	
180	4	4	-1	data	7069281378.75	15.608906984329224	-0.144358507456	
180	5	4	-1	data	4817677536.48	4.026678085327148	-0.0979790420688	
180	6	4	-1	data	3380102660.18	13.03836178779602	-0.0683666919742	
180	7	4	-1	data	2020463294.42	3.258167028427124	-0.0403611573875	
180	8	4	-1	data	1019014373.85	3.1698668003082275	-0.0197342410527	
180	9	4	-1	data	360128106.851	10.546013832092285	-0.00616285795656	
180	10	4	-1	data	80319591.083	7.682591915130615	-0.000407821194875	
190	0	4	0	predicted	34207339537.107	0.0	-0.7033485971743882	
190	1	4	0	predicted	25254958358.1	182.595000029	-0.518949978238	
190	2	4	0	predicted	22256463395.3	159.670000076	-0.457187723948	
190	3	4	0	predicted	16879907296.8	160.822000027	-0.346443198777	
190	4	4	0	predicted	14913144094.0	147.279000044	-0.305932960086	
190	5	4	0	predicted	11656255579.8	126.835999966	-0.238846373529	
190	6	4	0	predicted	9493789677.19	126.311000109	-0.194303236356	
190	7	4	0	predicted	8672378345.96	109.894999981	-0.177386813192	
190	8	4	0	predicted	6817858237.62	104.499000072	-0.139187561272	
190	9	4	0	predicted	6078644461.82	95.871999979	-0.123962236664	
190	10	4	0	predicted	4101308597.11	86.2650001049	-0.0832338136334	
190	0	4	-1	data	34207339537.1	9.46492600440979	-0.703348597174	
190	1	4	-1	data	25215543523.8	4.762772083282471	-0.518137960926	
190	2	4	-1	data	18445422314.3	6.348266124725342	-0.378685769011	
190	3	4	-1	data	13883648660.3	15.265473127365112	-0.284724671981	
190	4	4	-1	data	10566590310.5	4.927073955535889	-0.216401707502	
190	5	4	-1	data	8547062027.5	4.209511041641235	-0.174803945625	
190	6	4	-1	data	6461478963.6	2.767145872116089	-0.131846779765	
190	7	4	-1	data	4478278224.4	3.4319159984588623	-0.0909966900779	
190	8	4	-1	data	2959250772.3	15.436311960220337	-0.0597077417377	
190	9	4	-1	data	1951661774.0	14.496615886688232	-0.0389541742652	
190	10	4	-1	data	1051067217.77	2.1513891220092773	-0.0204042006489	
200	0	4	0	predicted	29723495090.496	0.0	-0.6109943156522455	
200	1	4	0	predicted	27365775250.0	152.183000088	-0.56242983493	
200	2	4	0	predicted	19370164669.1	133.134000063	-0.397738042399	
200	3	4	0	predicted	18092033663.2	132.427999973	-0.371410918597	
200	4	4	0	predicted	14234470611.9	145.640999794	-0.291953755795	
200	5	4	0	predicted	9930488198.85	141.650000095	-0.203297959376	
200	6	4	0	predicted	8750268368.23	133.910999775	-0.178987284815	
200	7	4	0	predicted	8478547158.33	132.21600008	-0.173391071752	
200	8	4	0	predicted	8478574897.33	120.207999945	-0.173391071752	
200	9	4	0	predicted	4870592725.75	117.900000095	-0.0990729091404	
200	10	4	0	predicted	2061266662.99	80.0880000591	-0.0412082926362	
200	0	4	-1	data	29723495090.5	11.844550132751465	-0.610994315652	
200	1	4	-1	data	20199466322.9	14.628796815872192	-0.414816914339	
200	2	4	-1	data	13448085321.6	4.0033628940582275	-0.275750113454	
200	3	4	-1	data	7812956921.21	2.384819984436035	-0.159679670045	
200	4	4	-1	data	4692396415.51	5.342540979385376	-0.0954025183865	
200	5	4	-1	data	3093927908.65	25.342170000076294	-0.0624793398915	
200	6	4	-1	data	1922273636.39	11.196504831314087	-0.0383456144155	
200	7	4	-1	data	993929920.088	24.011614084243774	-0.0192228785878	
200	8	4	-1	data	430953551.659	16.481323957443237	-0.00762625634417	
200	9	4	-1	data	218662072.261	7.712254047393799	-0.00325305373112	
200	10	4	-1	data	62834566.673	6.430828809738159	-4.53134661014e-05	
210	0	4	0	predicted	30512686728.15	0.0	-0.6272484825086624	
210	1	4	0	predicted	23895221198.5	163.431999922	-0.490945576488	
210	2	4	0	predicted	14396055703.0	191.904999971	-0.29528202988	
210	3	4	0	predicted	11979473216.1	161.603999853	-0.245505187372	
210	4	4	0	predicted	9693945541.74	134.430999994	-0.198429027444	
210	5	4	0	predicted	7963687473.0	136.696000099	-0.162789306656	
210	6	4	0	predicted	7352119996.7	129.479000092	-0.150192163081	
210	7	4	0	predicted	6382354622.97	145.104000092	-0.130216401254	
210	8	4	0	predicted	5832755804.2	111.777999878	-0.118896417721	
210	9	4	0	predicted	3335895567.7	100.651000023	-0.0674656337009	
210	10	4	0	predicted	1670542498.2	92.3950002193	-0.0331633398653	
210	0	4	-1	data	30512686728.2	11.345077991485596	-0.627248482509	
210	1	4	-1	data	16840161737.6	6.881836891174316	-0.345625290714	
210	2	4	-1	data	11858529466.0	15.087882995605469	-0.243012946737	
210	3	4	-1	data	8542907374.84	14.40675401687622	-0.174715357799	
210	4	4	-1	data	6077808062.54	13.769423961639404	-0.123941619037	
210	5	4	-1	data	4489444709.76	7.17172908782959	-0.091225069947	
210	6	4	-1	data	3277301376.54	12.520652055740356	-0.0662564438581	
210	7	4	-1	data	2357565042.17	10.144885063171387	-0.0473115633848	
210	8	4	-1	data	1647016937.47	9.460783958435059	-0.0326753138354	
210	9	4	-1	data	1000215915.87	10.784817934036255	-0.0193531548028	
210	10	4	-1	data	634366329.189	8.04437804222107	-0.0118179785255	
220	0	4	0	predicted	38047594840.786	0.0	-0.7824477835937613	
220	1	4	0	predicted	25987688594.0	190.470000029	-0.534039362449	
220	2	4	0	predicted	21017583876.4	168.361000061	-0.431668312678	
220	3	4	0	predicted	17764793030.9	134.453000069	-0.364667368572	
220	4	4	0	predicted	14069274282.2	139.416999817	-0.288550034789	
220	5	4	0	predicted	6379034821.68	115.406000137	-0.130146391949	
220	6	4	0	predicted	4227497174.58	103.131000042	-0.0858298221061	
220	7	4	0	predicted	3716003467.58	115.523000002	-0.0752944412385	
220	8	4	0	predicted	2557708362.38	103.588999987	-0.0514369013383	
220	9	4	0	predicted	1448961226.18	94.2369999886	-0.0285989144253	
220	10	4	0	predicted	1448944439.39	90.9340000153	-0.0285989144253	
220	0	4	-1	data	38047594840.8	11.438040971755981	-0.782447783594	
220	1	4	-1	data	23382430609.1	12.572652816772461	-0.48037802306	
220	2	4	-1	data	17748294221.2	15.405447006225586	-0.364325705038	
220	3	4	-1	data	13640990756.5	15.786611080169678	-0.279724330998	
220	4	4	-1	data	10631951887.4	15.791275024414062	-0.21774706431	
220	5	4	-1	data	7713786506.21	8.764523029327393	-0.157638751532	
220	6	4	-1	data	5414287078.81	9.718780994415283	-0.110274171392	
220	7	4	-1	data	3716951354.29	13.370862007141113	-0.0753127931923	
220	8	4	-1	data	2558621237.09	15.41703200340271	-0.0514552532921	
220	9	4	-1	data	1449888316.89	11.913694143295288	-0.0286172663791	
220	10	4	-1	data	735196175.414	9.573194980621338	-0.0138960540807	
230	0	4	0	predicted	38442017375.955	0.0	-0.7905724880649995	
230	1	4	0	predicted	33027058122.4	216.026000023	-0.679037016344	
230	2	4	0	predicted	30841537766.9	204.48300004	-0.634021259719	
230	3	4	0	predicted	21346751579.4	189.928999901	-0.438451738553	
230	4	4	0	predicted	21346747022.4	184.31099987	-0.438451738553	
230	5	4	0	predicted	21346727073.4	182.983999968	-0.438451738553	
230	6	4	0	predicted	19927781494.7	193.075000048	-0.40922455292	
230	7	4	0	predicted	9889013061.19	199.345000029	-0.202444480242	
230	8	4	0	predicted	9888929927.19	184.253000021	-0.202444480242	
230	9	4	0	predicted	6522846249.39	182.534000158	-0.133109439497	
230	10	4	0	predicted	4904773788.79	124.927000046	-0.0997813851828	
230	0	4	-1	data	38442017376.0	16.716235876083374	-0.790572488065	
230	1	4	-1	data	24270549939.0	15.585319995880127	-0.498670163054	
230	2	4	-1	data	15949440750.6	6.334819078445435	-0.327272657243	
230	3	4	-1	data	11570378919.4	13.651447057723999	-0.237076202976	
230	4	4	-1	data	8813917761.72	9.506500959396362	-0.180298429956	
230	5	4	-1	data	6523131280.41	13.26283884048462	-0.133115556815	
230	6	4	-1	data	4692759157.71	4.530256986618042	-0.0954147530223	
230	7	4	-1	data	3264592218.13	11.04281997680664	-0.06599657113	
230	8	4	-1	data	2269397394.41	3.953788995742798	-0.0454974387696	
230	9	4	-1	data	1515905927.11	10.953734874725342	-0.0299775766313	
230	10	4	-1	data	1036330124.41	7.600953102111816	-0.0200992410221	
240	0	4	0	predicted	28489455191.72	0.0	-0.5855693829597353	
240	1	4	0	predicted	26832872256.0	234.640999794	-0.551447210152	
240	2	4	0	predicted	21554214868.6	211.419000149	-0.442719813925	
240	3	4	0	predicted	19485105175.9	195.24000001	-0.400100233387	
240	4	4	0	predicted	14356455813.7	157.615999937	-0.294464348384	
240	5	4	0	predicted	13998925764.8	165.111999989	-0.287100910144	
240	6	4	0	predicted	12094861753.2	130.548000097	-0.247882105236	
240	7	4	0	predicted	7684575070.18	119.335999966	-0.157039254376	
240	8	4	0	predicted	3878972145.28	119.934999943	-0.0786528487783	
240	9	4	0	predicted	3496775052.9	105.759000063	-0.0707809934479	
240	10	4	0	predicted	1847327739.23	110.438999891	-0.0368022377602	
240	0	4	-1	data	28489455191.7	13.946542024612427	-0.58556938296	
240	1	4	-1	data	20034584031.5	15.927484035491943	-0.411418177814	
240	2	4	-1	data	14488076810.2	30.55350399017334	-0.297173413955	
240	3	4	-1	data	11603975309.9	28.458600997924805	-0.237767459902	
240	4	4	-1	data	9608519362.51	27.418302059173584	-0.196668146151	
240	5	4	-1	data	7594626066.92	40.13536787033081	-0.155187293017	
240	6	4	-1	data	5690555746.02	33.97802400588989	-0.115968488109	
240	7	4	-1	data	4100630348.5	27.861150979995728	-0.0832179539203	
240	8	4	-1	data	2853678129.89	28.40775990486145	-0.0575345079037	
240	9	4	-1	data	2006711422.33	15.429850101470947	-0.0400874640523	
240	10	4	-1	data	1398514529.93	18.009384155273438	-0.0275582906764	
250	0	4	0	predicted	39560961688.757	0.0	-0.8136193700567258	
250	1	4	0	predicted	32673232527.5	318.362999916	-0.671748345322	
250	2	4	0	predicted	27983851877.8	298.203999996	-0.575159067259	
250	3	4	0	predicted	23537702314.6	267.852999926	-0.483580325709	
250	4	4	0	predicted	15381493448.0	227.104999781	-0.315580650153	
250	5	4	0	predicted	10436173598.0	217.631999969	-0.213715978366	
250	6	4	0	predicted	8980623874.14	227.25999999	-0.183736362629	
250	7	4	0	predicted	5159469211.03	167.44299984	-0.10502845799	
250	8	4	0	predicted	3738263778.03	171.605000019	-0.0757559588907	
250	9	4	0	predicted	2961325564.31	153.750999928	-0.0597512426652	
250	10	4	0	predicted	1548888992.0	157.516000032	-0.0306579583248	
250	0	4	-1	data	39560961688.8	11.199743032455444	-0.813619370057	
250	1	4	-1	data	30550055969.1	12.385308980941772	-0.628015412922	
250	2	4	-1	data	24442987913.9	18.05392599105835	-0.502226363873	
250	3	4	-1	data	21201489966.9	14.371017932891846	-0.435458784117	
250	4	4	-1	data	17062330202.6	14.159710168838501	-0.350201497655	
250	5	4	-1	data	13237822787.6	8.34613585472107	-0.271424036845	
250	6	4	-1	data	9861097070.48	16.791785955429077	-0.201870585194	
250	7	4	-1	data	7279442649.89	12.461269855499268	-0.148694779594	
250	8	4	-1	data	4835339185.29	3.9902000427246094	-0.0983515187601	
250	9	4	-1	data	3091953516.39	8.679002046585083	-0.062440596878	
250	10	4	-1	data	1617250542.51	8.651828050613403	-0.0320647148797
250	0	4	0	predicted	39560961688.757	0.0	-0.8136193700567258	
250	1	4	0	predicted	31264941860.0	52.4909999371	-0.642741156567	
250	2	4	0	predicted	30549532211.5	41.6649999619	-0.628006803364	
250	3	4	0	predicted	30549493918.5	41.9649999142	-0.628006803364	
250	4	4	0	predicted	21087055478.1	41.5080001354	-0.433102030746	
250	5	4	0	predicted	16894648511.9	33.1419999599	-0.346748384971	
250	6	4	0	predicted	13931371447.5	34.8989999294	-0.285711146138	
250	7	4	0	predicted	11843634082.1	31.6649999619	-0.242708666812	
250	8	4	0	predicted	7974078985.03	24.7669999599	-0.163002279947	
250	9	4	0	predicted	5142503238.16	25.881000042	-0.104677958329	
250	10	4	0	predicted	2292466149.6	18.6380000114	-0.0459739098656	
250	0	4	-1	data	39560961688.8	11.199743032455444	-0.813619370057	
250	1	4	-1	data	30550055969.1	12.385308980941772	-0.628015412922	
250	2	4	-1	data	24442987913.9	18.05392599105835	-0.502226363873	
250	3	4	-1	data	21201489966.9	14.371017932891846	-0.435458784117	
250	4	4	-1	data	17062330202.6	14.159710168838501	-0.350201497655	
250	5	4	-1	data	13237822787.6	8.34613585472107	-0.271424036845	
250	6	4	-1	data	9861097070.48	16.791785955429077	-0.201870585194	
250	7	4	-1	data	7279442649.89	12.461269855499268	-0.148694779594	
250	8	4	-1	data	4835339185.29	3.9902000427246094	-0.0983515187601	
250	9	4	-1	data	3091953516.39	8.679002046585083	-0.062440596878	
250	10	4	-1	data	1617250542.51	8.651828050613403	-0.0320647148797	
260	0	4	0	predicted	34975920540.904	0.0	-0.7191795362574568	
260	1	4	0	predicted	28198252851.1	40.9049999714	-0.579575091097	
260	2	4	0	predicted	26909059471.7	38.0529999733	-0.553021399964	
260	3	4	0	predicted	23329391327.1	32.0090000629	-0.479286648229	
260	4	4	0	predicted	18140590288.8	34.4790000916	-0.372411666496	
260	5	4	0	predicted	17348793759.9	27.3550000191	-0.35610312348	
260	6	4	0	predicted	13536838661.0	32.9590001106	-0.2775862151	
260	7	4	0	predicted	13536838135.0	26.1720001698	-0.2775862151	
260	8	4	0	predicted	11012482383.4	30.6480000019	-0.225588333051	
260	9	4	0	predicted	4964736738.21	21.5339999199	-0.101015950567	
260	10	4	0	predicted	4642115446.81	19.9189999104	-0.0943695979268	
260	0	4	-1	data	34975920540.9	13.238232135772705	-0.719179536257	
260	1	4	-1	data	26608190803.1	12.980238914489746	-0.546823650639	
260	2	4	-1	data	22372348257.3	21.433780908584595	-0.459575063909	
260	3	4	-1	data	18604035538.5	14.41454792022705	-0.381953096484	
260	4	4	-1	data	15294070680.8	14.282938957214355	-0.3137764945	
260	5	4	-1	data	12239573976.0	18.845696926116943	-0.250859879661	
260	6	4	-1	data	9447821761.8	18.898443937301636	-0.193357091184	
260	7	4	-1	data	7242773988.9	13.217826843261719	-0.147938724412	
260	8	4	-1	data	5293641519.61	11.355149984359741	-0.107790313748	
260	9	4	-1	data	3765830784.61	21.10818099975586	-0.0763201115436	
260	10	4	-1	data	2671475143.51	17.33316397666931	-0.0537766621602	
270	0	4	0	predicted	34745040923.81	0.0	-0.7144254739618631	
270	1	4	0	predicted	24780661087.1	40.9800000191	-0.509178129274	
270	2	4	0	predicted	23170774508.0	33.236000061	-0.476018414486	
270	3	4	0	predicted	15946083813.0	38.3310000896	-0.327208991823	
270	4	4	0	predicted	12013767982.8	29.0020000935	-0.246211171174	
270	5	4	0	predicted	8424638761.4	35.4700000286	-0.172282251236	
270	6	4	0	predicted	6343005386.26	24.2669999599	-0.129405969913	
270	7	4	0	predicted	5816129296.26	21.8190000057	-0.118553394783	
270	8	4	0	predicted	5543287132.06	29.0460000038	-0.112934524987	
270	9	4	0	predicted	5130829764.06	19.2619998455	-0.104438250094	
270	10	4	0	predicted	4487326530.99	18.5510001183	-0.0911827018562	
270	0	4	-1	data	34745040923.8	14.444731950759888	-0.714425473962	
270	1	4	-1	data	21702916583.4	18.166221857070923	-0.445784590204	
270	2	4	-1	data	16094197221.7	6.322929859161377	-0.330257908389	
270	3	4	-1	data	12180125091.8	5.37873387336731	-0.249638002048	
270	4	4	-1	data	9439106454.1	14.923155784606934	-0.193177423291	
270	5	4	-1	data	7455862491.8	16.434736967086792	-0.152327333604	
270	6	4	-1	data	5786006506.24	20.61983585357666	-0.117932600297	
270	7	4	-1	data	4266944197.14	27.23332905769348	-0.0866436519572	
270	8	4	-1	data	3215398609.74	29.428555965423584	-0.0649838151627	
270	9	4	-1	data	2297862117.75	35.741870164871216	-0.0460856075596	
270	10	4	-1	data	1462340294.99	10.684072017669678	-0.0288748734338	
280	0	4	0	predicted	41906235125.954	0.0	-0.8619264702916987	
280	1	4	0	predicted	34914852042.3	54.1440000534	-0.717920275035	
280	2	4	0	predicted	32140671968.3	38.6749999523	-0.660779994286	
280	3	4	0	predicted	22994627385.2	47.0550000668	-0.47239152466	
280	4	4	0	predicted	15512303004.3	32.9979999065	-0.318273629443	
280	5	4	0	predicted	12588709271.3	29.5820000172	-0.25805543151	
280	6	4	0	predicted	9158474246.78	40.3510000706	-0.18740018293	
280	7	4	0	predicted	8685445556.48	27.1510000229	-0.17765778772	
280	8	4	0	predicted	7584386050.18	24.0099999905	-0.154978397938	
280	9	4	0	predicted	7178511316.48	33.7780001163	-0.146618063443	
280	10	4	0	predicted	4633265932.98	21.8940000534	-0.0941903831684	
280	0	4	-1	data	41906235126.0	59.52420687675476	-0.861926470292	
280	1	4	-1	data	30321542627.6	10.282440900802612	-0.62330689066	
280	2	4	-1	data	24250792543.3	7.930768966674805	-0.498264380965	
280	3	4	-1	data	19852497525.6	36.15589499473572	-0.407671207303	
280	4	4	-1	data	16167611016.8	14.924569129943848	-0.33177115159	
280	5	4	-1	data	12784053394.9	26.370238780975342	-0.262079040732	
280	6	4	-1	data	9723717930.49	5.089423894882202	-0.199042345207	
280	7	4	-1	data	7597483125.99	5.697933912277222	-0.155246880225	
280	8	4	-1	data	5615329402.59	7.656369924545288	-0.114419447271	
280	9	4	-1	data	4112826537.39	29.109880924224854	-0.0834703499264	
280	10	4	-1	data	2937139299.98	27.354342937469482	-0.0592537008074	
290	0	4	0	predicted	35553562489.534	0.0	-0.7310781727526051	
290	1	4	0	predicted	31913321316.5	44.1480000019	-0.656097300699	
290	2	4	0	predicted	31622912100.1	52.3919999599	-0.650115923175	
290	3	4	0	predicted	18294546784.3	37.7369999886	-0.375581796584	
290	4	4	0	predicted	16717192173.5	47.9579999447	-0.343092041392	
290	5	4	0	predicted	12712327738.8	34.6679999828	-0.260598876362	
290	6	4	0	predicted	10578346975.2	33.0539999008	-0.216644814248	
290	7	4	0	predicted	9166012774.05	45.503000021	-0.187553569013	
290	8	4	0	predicted	6112614835.89	31.3790001869	-0.124660743744	
290	9	4	0	predicted	4868518743.79	24.8999998569	-0.0990359786655	
290	10	4	0	predicted	4247054330.39	39.4290001392	-0.086234924493	
290	0	4	-1	data	35553562489.5	14.459179878234863	-0.731078172753	
290	1	4	-1	data	26088272410.1	20.353347063064575	-0.536114492629	
290	2	4	-1	data	20047845752.0	16.64465618133545	-0.411694816525	
290	3	4	-1	data	16716038050.3	13.908872127532959	-0.34306757212	
290	4	4	-1	data	13728605312.9	15.702038049697876	-0.28153188516	
290	5	4	-1	data	11337884080.8	16.623894929885864	-0.23228906185	
290	6	4	-1	data	9099438647.93	14.17058801651001	-0.186182610096	
290	7	4	-1	data	7251514695.13	13.326620101928711	-0.148119298575	
290	8	4	-1	data	5657185340.1	12.538107872009277	-0.115279949992	
290	9	4	-1	data	4647471339.1	10.969166994094849	-0.0944810690534	
290	10	4	-1	data	3608026089.9	9.126498937606812	-0.0730704563225	
300	0	4	0	predicted	37522179268.239	0.0	-0.7716251153510922	
300	1	4	0	predicted	25134648513.1	50.8910000324	-0.516470425373	
300	2	4	0	predicted	23913110480.3	62.1949999332	-0.491311709294	
300	3	4	0	predicted	18937271170.7	44.8069999218	-0.388820805406	
300	4	4	0	predicted	15610332752.4	59.4079999924	-0.320290984954	
300	5	4	0	predicted	12211062485.3	39.8550000191	-0.25027601565	
300	6	4	0	predicted	9741667598.01	35.6660001278	-0.199411649956	
300	7	4	0	predicted	8895681875.51	47.3959999084	-0.181988622242	
300	8	4	0	predicted	8039938020.91	29.2839999199	-0.16436168393	
300	9	4	0	predicted	5887782883.99	28.7320001125	-0.120030160643	
300	10	4	0	predicted	5475257390.99	44.9849998951	-0.11153388575	
300	0	4	-1	data	37522179268.2	24.311249017715454	-0.771625115351	
300	1	4	-1	data	26915202129.0	28.952276945114136	-0.553146238563	
300	2	4	-1	data	22121836581.9	18.291093111038208	-0.454413633553	
300	3	4	-1	data	17997552794.7	20.974124908447266	-0.369463798959	
300	4	4	-1	data	14957662114.9	23.68993592262268	-0.30684670613	
300	5	4	-1	data	12228012794.5	16.469692945480347	-0.250625155907	
300	6	4	-1	data	10188646930.6	15.807270050048828	-0.208619572834	
300	7	4	-1	data	8393549926.45	21.901328086853027	-0.171643784499	
300	8	4	-1	data	6784060262.56	27.836349964141846	-0.138491319866	
300	9	4	-1	data	5330054960.36	7.102587938308716	-0.108542064151	
300	10	4	-1	data	4099478962.42	24.96064805984497	-0.0831952971872	
310	0	4	0	predicted	36278425640.932	0.0	-0.7460085066969907	
310	1	4	0	predicted	28274774410.1	47.5	-0.581151546583	
310	2	4	0	predicted	19382910392.8	45.0829999447	-0.398001313637	
310	3	4	0	predicted	19247550021.3	58.0820000172	-0.395213629203	
310	4	4	0	predicted	15890589489.4	35.5760002136	-0.326066186208	
310	5	4	0	predicted	10872498761.5	30.8880000114	-0.222704810636	
310	6	4	0	predicted	8584301349.96	28.0750000477	-0.175573368279	
310	7	4	0	predicted	6821115728.56	47.2430000305	-0.139254625202	
310	8	4	0	predicted	5064103907.66	24.8090000153	-0.103065025504	
310	9	4	0	predicted	4400906132.66	23.0149998665	-0.0894030154752	
310	10	4	0	predicted	4098325396.96	21.4210000038	-0.0831724138869	
310	0	4	-1	data	36278425640.9	19.05907392501831	-0.746008506697	
310	1	4	-1	data	24583543508.7	25.36298394203186	-0.505121667789	
310	2	4	-1	data	18451048320.0	30.866355180740356	-0.378806755966	
310	3	4	-1	data	15729755032.0	6.65350604057312	-0.322753998404	
310	4	4	-1	data	13049151370.5	47.27825379371643	-0.267539539964	
310	5	4	-1	data	10697227124.1	27.693914890289307	-0.219094686792	
310	6	4	-1	data	8350173179.89	39.45889091491699	-0.170751109217	
310	7	4	-1	data	6483699369.79	5.039941787719727	-0.13230376607	
310	8	4	-1	data	5030600786.49	29.988521099090576	-0.102374221713	
310	9	4	-1	data	3826276867.79	35.494296073913574	-0.0775650990246	
310	10	4	-1	data	2849548132.33	63.29848384857178	-0.0574481857508	
320	0	4	0	predicted	43255579528.243	0.0	-0.8897197112897821	
320	1	4	0	predicted	40907264245.4	93.6930000782	-0.841347586231	
320	2	4	0	predicted	36407183769.8	64.7349998951	-0.748658891329	
320	3	4	0	predicted	30433264150.4	86.4159998894	-0.625610174142	
320	4	4	0	predicted	29894212084.4	59.9119999409	-0.614508374948	
320	5	4	0	predicted	29894254255.4	82.2319998741	-0.614508374948	
320	6	4	0	predicted	25124735275.6	56.6710000038	-0.516267647613	
320	7	4	0	predicted	24831077907.0	75.7619998455	-0.510219432725	
320	8	4	0	predicted	19772849139.9	50.5640001297	-0.406031086397	
320	9	4	0	predicted	17528924378.7	48.2290000916	-0.359811350978	
320	10	4	0	predicted	17117465185.7	72.6119999886	-0.351337732818	
320	0	4	-1	data	43255579528.2	75.95363903045654	-0.88971971129	
320	1	4	-1	data	37040799481.8	116.22892189025879	-0.761709169565	
320	2	4	-1	data	32775047242.9	111.33136796951294	-0.673845225966	
320	3	4	-1	data	30175869298.0	104.43562293052673	-0.620308045474	
320	4	4	-1	data	26939736013.6	133.6437108516693	-0.553651936845	
320	5	4	-1	data	24297002147.5	118.65412378311157	-0.499218909128	
320	6	4	-1	data	21105992077.2	112.31691908836365	-0.433491726554	
320	7	4	-1	data	18361474388.9	86.34247398376465	-0.376961818194	
320	8	4	-1	data	16156080436.0	90.55338597297668	-0.331535068431	
320	9	4	-1	data	14115636148.9	107.49141693115234	-0.289506828626	
320	10	4	-1	data	12086210382.0	93.34016990661621	-0.247705156151	
330	0	4	0	predicted	43738884477.408	0.0	-0.8996741735220277	
330	1	4	0	predicted	42965722736.9	64.2430000305	-0.883746490189	
330	2	4	0	predicted	34652067364.1	87.6019999981	-0.712506901807	
330	3	4	0	predicted	33067447089.7	57.7049999237	-0.679868745014	
330	4	4	0	predicted	30607414215.4	56.5279998779	-0.629198094387	
330	5	4	0	predicted	29579336398.0	83.2089998722	-0.608022431978	
330	6	4	0	predicted	26723864582.2	50.8469998837	-0.549205552984	
330	7	4	0	predicted	24061042901.0	75.3759999275	-0.494359039889	
330	8	4	0	predicted	21021816556.7	46.2300000191	-0.431758486476	
330	9	4	0	predicted	20225401906.1	44.0409998894	-0.415355011749	
330	10	4	0	predicted	16160606756.7	41.0190000534	-0.3316268282	
330	0	4	-1	data	43738884477.4	44.05076789855957	-0.899674173522	
330	1	4	-1	data	35425388115.6	45.890841007232666	-0.72843458514	
330	2	4	-1	data	30936107731.5	37.38756489753723	-0.635967019953	
330	3	4	-1	data	28052149381.2	7.367999076843262	-0.576565370679	
330	4	4	-1	data	25071234893.5	6.679180860519409	-0.515165624117	
330	5	4	-1	data	21806630713.5	19.413061141967773	-0.447920440429	
330	6	4	-1	data	18963311846.2	19.426684856414795	-0.389352785498	
330	7	4	-1	data	16300071464.6	21.02070188522339	-0.334496076873	
330	8	4	-1	data	13935615144.4	8.937449932098389	-0.28579248381	
330	9	4	-1	data	11796158538.0	39.51610589027405	-0.24172513803	
330	10	4	-1	data	10011851009.9	32.43218207359314	-0.204973424785	
340	0	4	0	predicted	41719524316.906	0.0	-0.858080036722033	
340	1	4	0	predicted	33057815465.2	119.427999973	-0.679668686061	
340	2	4	0	predicted	27314779446.9	114.042999983	-0.561377882814	
340	3	4	0	predicted	27314759758.9	79.9660000801	-0.561377882814	
340	4	4	0	predicted	25921142705.6	110.56099987	-0.532671802042	
340	5	4	0	predicted	25921093218.6	72.1390001774	-0.532671802042	
340	6	4	0	predicted	19530322758.2	105.991000175	-0.401036183029	
340	7	4	0	predicted	18284987473.2	65.8880000114	-0.375386268978	
340	8	4	0	predicted	17567833183.8	67.1890001297	-0.360613399328	
340	9	4	0	predicted	14383956624.6	98.8090000153	-0.295033258951	
340	10	4	0	predicted	13842163070.1	57.1380000114	-0.283874591357	
340	0	4	-1	data	41719524316.9	36.40843319892883	-0.858080036722	
340	1	4	-1	data	34842530696.1	51.92565989494324	-0.716430141702	
340	2	4	-1	data	28892278182.3	65.65760707855225	-0.593870130247	
340	3	4	-1	data	24171143923.4	73.15775609016418	-0.496626525733	
340	4	4	-1	data	20979017098.8	70.54595017433167	-0.430876686426	
340	5	4	-1	data	18121756212.9	39.73713397979736	-0.372024462928	
340	6	4	-1	data	15448276936.7	56.56826996803284	-0.316954781012	
340	7	4	-1	data	13156865593.2	36.85145115852356	-0.269756501293	
340	8	4	-1	data	11191264138.7	7.2579240798950195	-0.229268919335	
340	9	4	-1	data	9350083859.56	28.663617849349976	-0.191341548212	
340	10	4	-1	data	8113760160.36	44.275928020477295	-0.165875380265	
350	0	4	0	predicted	47144853045.898	0.0	-0.9698284817338021	
350	1	4	0	predicted	38364063569.9	122.421000004	-0.788964992855	
350	2	4	0	predicted	33782393649.6	82.8450000286	-0.694594941794	
350	3	4	0	predicted	29141839179.7	115.054000139	-0.599009583572	
350	4	4	0	predicted	28174985685.7	70.3069999218	-0.579095901193	
350	5	4	0	predicted	25757647615.8	69.5670001507	-0.529303198972	
350	6	4	0	predicted	21277443231.2	108.930999994	-0.437022325265	
350	7	4	0	predicted	19870655703.7	57.0850000381	-0.408044363696	
350	8	4	0	predicted	12495543551.4	54.9360001087	-0.256132101441	
350	9	4	0	predicted	12495468093.4	107.428999901	-0.256132101441	
350	10	4	0	predicted	10653490358.9	54.1150000095	-0.218189776874	
350	0	4	-1	data	47144853045.9	78.53677201271057	-0.969828481734	
350	1	4	-1	data	39078399348.6	67.07475090026855	-0.803678954999	
350	2	4	-1	data	33472977240.2	76.39507007598877	-0.688221602787	
350	3	4	-1	data	28607176864.6	69.09051012992859	-0.587997958175	
350	4	4	-1	data	24974790202.9	78.28754115104675	-0.513179761465	
350	5	4	-1	data	21693629125.9	100.59014797210693	-0.445595406483	
350	6	4	-1	data	18556491154.0	97.05598402023315	-0.380978403829	
350	7	4	-1	data	15789190896.0	85.16304802894592	-0.323974063478	
350	8	4	-1	data	13034841027.7	71.80238604545593	-0.267241603925	
350	9	4	-1	data	10571831634.8	52.671358823776245	-0.216507514445	
350	10	4	-1	data	8578729884.51	72.13214302062988	-0.175453514161	
360	0	4	0	predicted	40399330994.105	0.0	-0.8308885585537211	
360	1	4	0	predicted	33766524165.4	143.253000021	-0.69426845827	
360	2	4	0	predicted	32189169979.6	79.6440000534	-0.661778703079	
360	3	4	0	predicted	29389793678.7	78.5529999733	-0.60411731747	
360	4	4	0	predicted	29389730666.7	182.06799984	-0.60411731747	
360	5	4	0	predicted	27397678046.6	76.7300000191	-0.563085520784	
360	6	4	0	predicted	26166836382.1	247.588999987	-0.537732636503	
360	7	4	0	predicted	23386826812.4	77.5559999943	-0.480470009396	
360	8	4	0	predicted	23386816912.6	72.2849998474	-0.480470009396	
360	9	4	0	predicted	14718597266.9	300.618999958	-0.301923398039	
360	10	4	0	predicted	12881555765.2	68.4019999504	-0.264086653847	
360	0	4	-1	data	40399330994.1	92.1820421218872	-0.830888558554	
360	1	4	-1	data	33074636567.2	100.66357803344727	-0.680016920048	
360	2	4	-1	data	27223948898.8	88.4395170211792	-0.559505756963	
360	3	4	-1	data	21736237024.4	86.21485304832458	-0.446471315783	
360	4	4	-1	data	17944704836.2	98.40199899673462	-0.368376275772	
360	5	4	-1	data	15172023639.8	62.54041886329651	-0.311264542507	
360	6	4	-1	data	12934748639.4	57.75087285041809	-0.265182333458	
360	7	4	-1	data	10751837207.4	76.49836301803589	-0.220218913886	
360	8	4	-1	data	8803181992.47	54.71369218826294	-0.180080925319	
360	9	4	-1	data	7232921097.93	102.1660840511322	-0.147738212325	
360	10	4	-1	data	5876642100.63	47.8810658454895	-0.119802460476	
370	0	4	0	predicted	39725602957.187	0.0	-0.817010403292114	
370	1	4	0	predicted	36632551127.9	418.477999926	-0.753299669959	
370	2	4	0	predicted	36632491636.9	103.470000029	-0.753299669959	
370	3	4	0	predicted	32492629275.1	443.845000029	-0.668028109756	
370	4	4	0	predicted	30332182418.3	92.2260000706	-0.623530286048	
370	5	4	0	predicted	27354206355.2	87.8619999886	-0.562190126694	
370	6	4	0	predicted	24383189022.7	457.479000092	-0.50099429073	
370	7	4	0	predicted	20618483677.7	84.6700000763	-0.423448449928	
370	8	4	0	predicted	19738441029.3	471.799000025	-0.405323063489	
370	9	4	0	predicted	13894596776.3	68.0899999142	-0.284947840802	
370	10	4	0	predicted	11115192846.2	64.0039999485	-0.227695862359	
370	0	4	-1	data	39725602957.2	27.526036024093628	-0.817010403292	
370	1	4	-1	data	35299982242.7	35.768664836883545	-0.725852623842	
370	2	4	-1	data	31692992861.7	26.41827082633972	-0.651558024233	
370	3	4	-1	data	27956712395.1	24.04997706413269	-0.574600125654	
370	4	4	-1	data	24577835424.4	26.76493000984192	-0.504998641729	
370	5	4	-1	data	20817047056.7	20.916457176208496	-0.427530966656	
370	6	4	-1	data	18038619659.1	40.375832080841064	-0.370300058975	
370	7	4	-1	data	15317357736.1	42.17151713371277	-0.314247301413	
370	8	4	-1	data	12842440916.3	32.244208097457886	-0.263269652054	
370	9	4	-1	data	10802084062.2	37.88335990905762	-0.221241412249	
370	10	4	-1	data	8877192899.72	41.626752853393555	-0.181592129413	
380	0	4	0	predicted	40082289664.944	0.0	-0.8243579818197844	
380	1	4	0	predicted	36401518902.2	536.799000025	-0.748542435721	
380	2	4	0	predicted	34468988279.6	107.565999985	-0.708735462024	
380	3	4	0	predicted	34468854247.6	630.536000013	-0.708735462024	
380	4	4	0	predicted	31797094406.4	99.9900000095	-0.653702257449	
380	5	4	0	predicted	31130470938.1	677.013999939	-0.639972277221	
380	6	4	0	predicted	30065663086.0	94.6040000916	-0.618038520524	
380	7	4	0	predicted	28820454211.2	714.636999846	-0.592391098713	
380	8	4	0	predicted	26628070109.6	83.4210000038	-0.54723260467	
380	9	4	0	predicted	22835383425.9	757.744000196	-0.469112189118	
380	10	4	0	predicted	21459148398.9	84.2209999561	-0.44076476443	
380	0	4	-1	data	40082289664.9	30.554738998413086	-0.82435798182	
380	1	4	-1	data	34232505492.3	27.86867594718933	-0.703864264419	
380	2	4	-1	data	30145242760.5	57.74906301498413	-0.61967184441	
380	3	4	-1	data	26268345228.9	64.5036780834198	-0.539817735645	
380	4	4	-1	data	23021280905.3	52.20433211326599	-0.472935059686	
380	5	4	-1	data	20363839077.0	52.90216898918152	-0.41819639264	
380	6	4	-1	data	17805475248.2	9.599172830581665	-0.365498190973	
380	7	4	-1	data	15530737760.4	73.31054711341858	-0.318644067029	
380	8	4	-1	data	13510212037.0	71.37582492828369	-0.277026140659	
380	9	4	-1	data	11610396315.2	59.927518129348755	-0.237897962684	
380	10	4	-1	data	9831275605.55	50.00569486618042	-0.201252282949	
390	0	4	0	predicted	43769632562.039	0.0	-0.9003078823453979	
390	1	4	0	predicted	37069337052.7	126.997999907	-0.762295525816	
390	2	4	0	predicted	33827683115.3	822.394999981	-0.695527719493	
390	3	4	0	predicted	33827672359.3	115.848999977	-0.695527719493	
390	4	4	0	predicted	30930329667.2	889.682999849	-0.635849884643	
390	5	4	0	predicted	28076317253.3	107.643000126	-0.577062459402	
390	6	4	0	predicted	23846273698.7	956.397000074	-0.489935086194	
390	7	4	0	predicted	20863493631.0	94.5549998283	-0.428497956023	
390	8	4	0	predicted	20863466912.0	936.263999939	-0.428497956023	
390	9	4	0	predicted	19145402608.5	90.0320000648	-0.393108139001	
390	10	4	0	predicted	17851396728.2	81.1440000534	-0.366456117646	
390	0	4	-1	data	43769632562.0	79.96208214759827	-0.900307882345	
390	1	4	-1	data	37427860153.1	110.04336214065552	-0.76968162079	
390	2	4	-1	data	33655741821.0	102.5312819480896	-0.691985565849	
390	3	4	-1	data	30389960818.3	125.71529483795166	-0.624717725427	
390	4	4	-1	data	26343088684.5	97.53390789031982	-0.541363377974	
390	5	4	-1	data	23354543550.6	74.30706214904785	-0.479805034281	
390	6	4	-1	data	20928172210.0	87.25510311126709	-0.429830171926	
390	7	4	-1	data	19448265742.6	108.19449496269226	-0.399347350148	
390	8	4	-1	data	17732053176.7	93.12560892105103	-0.363998088678	
390	9	4	-1	data	16227321918.8	83.63745999336243	-0.333003677867	
390	10	4	-1	data	12630505216.0	93.20427203178406	-0.258916160798	
400	0	4	0	predicted	42305426966.148	0.0	-0.8701490518497071	
400	1	4	0	predicted	41020669116.7	1060.38900018	-0.843685987649	
400	2	4	0	predicted	38098049347.3	1141.1960001	-0.783487047939	
400	3	4	0	predicted	37740512080.3	140.437999964	-0.776123609698	
400	4	4	0	predicted	35150232448.5	1131.1639998	-0.722767003368	
400	5	4	0	predicted	32428882042.5	129.227999926	-0.666714245806	
400	6	4	0	predicted	30965810428.6	1211.46899986	-0.636579658015	
400	7	4	0	predicted	32138467409.1	117.312000036	-0.660732868281	
400	8	4	0	predicted	29318620323.2	1210.58899999	-0.602652106544	
400	9	4	0	predicted	29318591787.2	113.337000132	-0.602652106544	
400	10	4	0	predicted	27761436479.0	1205.2980001	-0.570578328971	
400	0	4	-1	data	42305426966.1	56.813762187957764	-0.87014905185	
400	1	4	-1	data	37445157660.1	121.90413880348206	-0.77003891747	
400	2	4	-1	data	34522501091.7	125.18910384178162	-0.70983997776	
400	3	4	-1	data	31745389579.1	148.7196261882782	-0.652638976967	
400	4	4	-1	data	29016910709.6	146.5085210800171	-0.596437138101	
400	5	4	-1	data	26295538788.6	147.50115299224854	-0.540384380539	
400	6	4	-1	data	24222170145.9	145.91168093681335	-0.497676438742	
400	7	4	-1	data	18733467918.6	114.4767279624939	-0.38461934083	
400	8	4	-1	data	16010002973.2	137.5503008365631	-0.328521269801	
400	9	4	-1	data	14027889683.0	132.47501611709595	-0.287693836847	
400	10	4	-1	data	12340527823.4	139.27718591690063	-0.252938408351	
410	0	4	0	predicted	42861018474.819	0.0	-0.8815927411452391	
410	1	4	0	predicted	33058329604.5	129.411999941	-0.679681826966	
410	2	4	0	predicted	33058329559.5	1267.329	-0.679681826966	
410	3	4	0	predicted	29588053021.9	113.570000172	-0.608203232708	
410	4	4	0	predicted	23689021092.0	1279.0	-0.486695173368	
410	5	4	0	predicted	22217790673.7	101.539000034	-0.456392925752	
410	6	4	0	predicted	19869466084.3	99.260999918	-0.408023292934	
410	7	4	0	predicted	16263601663.6	1302.59399986	-0.333748178115	
410	8	4	0	predicted	15538966654.6	91.739000082	-0.318824641191	
410	9	4	0	predicted	13186248320.6	1328.70600009	-0.2703618892	
410	10	4	0	predicted	11839911232.9	106.430999994	-0.242630047948	
410	0	4	-1	data	42861018474.8	38.51788902282715	-0.881592741145	
410	1	4	-1	data	34645073882.3	28.56930708885193	-0.712364844091	
410	2	4	-1	data	29036884156.1	23.358214855194092	-0.596848810941	
410	3	4	-1	data	25866058319.5	29.655615091323853	-0.531538738822	
410	4	4	-1	data	22826883317.2	29.012092113494873	-0.468938185409	
410	5	4	-1	data	18377453076.8	40.63008093833923	-0.377290114256	
410	6	4	-1	data	15899133108.4	34.483314990997314	-0.326241096187	
410	7	4	-1	data	13746508793.7	39.3295578956604	-0.281901869611	
410	8	4	-1	data	11867974857.2	26.516222953796387	-0.243208474343	
410	9	4	-1	data	9615664851.61	23.23900008201599	-0.196814735214	
410	10	4	-1	data	7819368195.31	18.445981979370117	-0.159816290146	
420	0	4	0	predicted	45196625338.613	0.0	-0.9296997824273926	
420	1	4	0	predicted	39751856106.8	158.729000092	-0.817548953837	
420	2	4	0	predicted	36307761092.0	1628.86199999	-0.746610722661	
420	3	4	0	predicted	31943671737.5	136.551000118	-0.656721720262	
420	4	4	0	predicted	29390382825.3	1441.55999994	-0.604130684942	
420	5	4	0	predicted	29038365057.3	130.864000082	-0.596880530367	
420	6	4	0	predicted	27578713684.2	1578.09700012	-0.566815045611	
420	7	4	0	predicted	26506275479.6	128.726000071	-0.544724730889	
420	8	4	0	predicted	26506201292.6	1612.44199991	-0.544724730889	
420	9	4	0	predicted	21817078517.6	121.59100008	-0.448139077903	
420	10	4	0	predicted	21383135006.8	1635.36199999	-0.439201223282	
420	0	4	-1	data	45196625338.6	97.12258696556091	-0.929699782427	
420	1	4	-1	data	37460585162.0	93.40058398246765	-0.770354978896	
420	2	4	-1	data	33770188940.1	19.889117002487183	-0.694342998922	
420	3	4	-1	data	31495408401.9	13.185403108596802	-0.647488874978	
420	4	4	-1	data	29365174912.0	127.81297302246094	-0.603611166054	
420	5	4	-1	data	27760264795.6	106.827476978302	-0.570554992536	
420	6	4	-1	data	26300640284.5	89.19229984283447	-0.54048950778	
420	7	4	-1	data	23561719363.7	80.02699685096741	-0.484074242489	
420	8	4	-1	data	19721792963.9	81.04061985015869	-0.404979587416	
420	9	4	-1	data	17093722564.8	100.71492791175842	-0.350847667682	
420	10	4	-1	data	15080741750.2	74.48549580574036	-0.309385166501	
430	0	4	0	predicted	42172503675.494	0.0	-0.8674109856607802	
430	1	4	0	predicted	35170338020.8	169.328000069	-0.72318275442	
430	2	4	0	predicted	32424449009.9	1672.43599987	-0.666624525143	
430	3	4	0	predicted	30777823421.5	157.77699995	-0.632707395769	
430	4	4	0	predicted	30777732650.5	1758.3579998	-0.632707395769	
430	5	4	0	predicted	30777771167.5	154.467000008	-0.632707395769	
430	6	4	0	predicted	30420336839.5	1795.7420001	-0.625343957529	
430	7	4	0	predicted	28133460402.2	152.29700017	-0.57824060952	
430	8	4	0	predicted	26021632638.1	1858.56800008	-0.53474194774	
430	9	4	0	predicted	24234661224.0	145.369999886	-0.497935178634	
430	10	4	0	predicted	24234604350.0	1879.97899985	-0.497935178634	
430	0	4	-1	data	42172503675.5	56.3531858921051	-0.867410985661	
430	1	4	-1	data	35381303749.9	7.998265027999878	-0.727528315819	
430	2	4	-1	data	31343299550.3	10.965233087539673	-0.644355448797	
430	3	4	-1	data	28454998725.3	73.27237296104431	-0.584863172591	
430	4	4	-1	data	26847060343.1	109.27431297302246	-0.551744466489	
430	5	4	-1	data	24769240513.6	104.4081699848175	-0.508945897761	
430	6	4	-1	data	21389213960.8	110.47989010810852	-0.439321757102	
430	7	4	-1	data	18876904545.6	126.58676481246948	-0.387573778819	
430	8	4	-1	data	17158757864.4	101.22282409667969	-0.352183961797	
430	9	4	-1	data	15441201113.0	67.96280002593994	-0.316806832546	
430	10	4	-1	data	13791210461.3	94.12877416610718	-0.282821732973		
