50	y_(7, 1),(26, 1)	4	0	11.0	11.0	0.0	
50	y_(11, 3),(13, 3)	4	0	11.0	11.0	0.0	
50	y_(61, 3),(50, 3)	4	0	3.0	3.0	0.0	
50	y_(3, 4),(21, 4)	4	0	11.0	11.0	0.0	
50	y_(26, 3),(56, 3)	4	0	11.0	11.0	0.0	
50	y_(45, 1),(43, 1)	4	0	11.0	11.0	0.0	
50	w_(15, 2)	4	0	1.0	2.0	-1.0	
50	y_(26, 1),(7, 1)	4	0	11.0	11.0	0.0	
50	w_(52, 3)	4	0	11.0	11.0	0.0	
50	w_(60, 3)	4	0	1.0	2.0	-1.0	
50	y_(13, 3),(11, 3)	4	0	11.0	11.0	0.0	
50	w_(36, 1)	4	0	2.0	3.0	-1.0	
50	y_(65, 3),(21, 3)	4	0	2.0	2.0	0.0	
50	y_(25, 4),(19, 4)	4	0	11.0	11.0	0.0	
50	y_(10, 1),(30, 1)	4	0	11.0	11.0	0.0	
50	w_(2, 1)	4	0	2.0	3.0	-1.0	
50	y_(12, 4),(13, 4)	4	0	11.0	11.0	0.0	
50	w_(24, 4)	4	0	3.0	5.0	-2.0	
50	y_(30, 1),(10, 1)	4	0	11.0	11.0	0.0	
50	y_(43, 1),(45, 1)	4	0	11.0	11.0	0.0	
50	y_(19, 4),(25, 4)	4	0	11.0	11.0	0.0	
50	y_(21, 4),(3, 4)	4	0	11.0	11.0	0.0	
50	w_(22, 4)	4	0	2.0	3.0	-1.0	
50	y_(13, 4),(12, 4)	4	0	11.0	11.0	0.0	
50	y_(56, 3),(26, 3)	4	0	11.0	11.0	0.0	
50	y_(21, 3),(65, 3)	4	0	2.0	2.0	0.0	
50	w_(5, 3)	4	0	1.0	1.0	0.0	
50	w_(10, 2)	4	0	3.0	3.0	0.0	
50	y_(50, 3),(61, 3)	4	0	3.0	3.0	0.0	
50	w_(3, 2)	4	0	1.0	1.0	0.0	
50	w_(41, 1)	4	0	3.0	4.0	-1.0	
60	y_(5, 1),(17, 1)	4	0	11.0	11.0	0.0	
60	y_(33, 1),(32, 1)	4	0	11.0	11.0	0.0	
60	y_(33, 1),(7, 1)	4	0	11.0	11.0	0.0	
60	w_(18, 4)	4	0	2.0	11.0	-9.0	
60	y_(14, 4),(13, 4)	4	0	11.0	11.0	0.0	
60	y_(7, 1),(33, 1)	4	0	11.0	11.0	0.0	
60	w_(46, 3)	4	0	1.0	3.0	-2.0	
60	w_(39, 3)	4	0	1.0	2.0	-1.0	
60	y_(29, 1),(6, 1)	4	0	11.0	11.0	0.0	
60	y_(2, 4),(21, 4)	4	0	11.0	11.0	0.0	
60	y_(21, 4),(2, 4)	4	0	11.0	11.0	0.0	
60	y_(18, 3),(34, 3)	4	0	11.0	11.0	0.0	
60	y_(38, 1),(10, 1)	4	0	11.0	11.0	0.0	
60	y_(5, 2),(1, 2)	4	0	2.0	2.0	0.0	
60	y_(19, 4),(20, 4)	4	0	11.0	11.0	0.0	
60	w_(36, 1)	4	0	1.0	4.0	-3.0	
60	y_(32, 1),(33, 1)	4	0	11.0	11.0	0.0	
60	y_(50, 3),(20, 3)	4	0	11.0	11.0	0.0	
60	y_(1, 2),(5, 2)	4	0	2.0	2.0	0.0	
60	y_(8, 4),(13, 4)	4	0	2.0	2.0	0.0	
60	y_(32, 3),(30, 3)	4	0	11.0	11.0	0.0	
60	y_(20, 3),(50, 3)	4	0	11.0	11.0	0.0	
60	y_(6, 3),(67, 3)	4	0	11.0	11.0	0.0	
60	y_(13, 4),(14, 4)	4	0	11.0	11.0	0.0	
60	w_(46, 1)	4	0	11.0	11.0	0.0	
60	w_(72, 3)	4	0	11.0	2.0	9.0	
60	y_(4, 1),(26, 1)	4	0	11.0	11.0	0.0	
60	y_(6, 1),(29, 1)	4	0	11.0	11.0	0.0	
60	y_(30, 3),(32, 3)	4	0	11.0	11.0	0.0	
60	w_(23, 4)	4	0	11.0	11.0	0.0	
60	w_(4, 4)	4	0	1.0	1.0	0.0	
60	y_(10, 1),(38, 1)	4	0	11.0	11.0	0.0	
60	y_(4, 4),(3, 4)	4	0	2.0	2.0	0.0	
60	y_(20, 4),(19, 4)	4	0	11.0	11.0	0.0	
60	y_(13, 4),(8, 4)	4	0	2.0	2.0	0.0	
60	y_(17, 1),(5, 1)	4	0	11.0	11.0	0.0	
60	y_(3, 4),(4, 4)	4	0	2.0	2.0	0.0	
60	y_(26, 1),(4, 1)	4	0	11.0	11.0	0.0	
60	y_(24, 4),(23, 4)	4	0	11.0	11.0	0.0	
60	y_(23, 4),(24, 4)	4	0	11.0	11.0	0.0	
60	y_(67, 3),(6, 3)	4	0	11.0	11.0	0.0	
60	y_(34, 3),(18, 3)	4	0	11.0	11.0	0.0	
70	y_(59, 3),(14, 3)	4	0	11.0	11.0	0.0	
70	w_(51, 3)	4	0	3.0	6.0	-3.0	
70	w_(41, 3)	4	0	2.0	2.0	0.0	
70	y_(12, 3),(9, 3)	4	0	11.0	11.0	0.0	
70	y_(64, 3),(37, 3)	4	0	11.0	11.0	0.0	
70	w_(44, 1)	4	0	3.0	11.0	-8.0	
70	y_(49, 3),(63, 3)	4	0	4.0	4.0	0.0	
70	y_(3, 3),(35, 3)	4	0	11.0	11.0	0.0	
70	y_(63, 3),(49, 3)	4	0	4.0	4.0	0.0	
70	y_(5, 1),(17, 1)	4	0	11.0	11.0	0.0	
70	y_(45, 1),(43, 1)	4	0	11.0	11.0	0.0	
70	y_(33, 1),(7, 1)	4	0	11.0	11.0	0.0	
70	y_(71, 3),(7, 3)	4	0	11.0	11.0	0.0	
70	w_(15, 2)	4	0	1.0	1.0	0.0	
70	y_(7, 1),(33, 1)	4	0	11.0	11.0	0.0	
70	y_(9, 3),(12, 3)	4	0	11.0	11.0	0.0	
70	y_(40, 1),(37, 1)	4	0	11.0	11.0	0.0	
70	y_(7, 3),(71, 3)	4	0	11.0	11.0	0.0	
70	y_(37, 1),(40, 1)	4	0	11.0	11.0	0.0	
70	y_(25, 3),(72, 3)	4	0	11.0	11.0	0.0	
70	w_(34, 3)	4	0	2.0	5.0	-3.0	
70	y_(8, 1),(24, 1)	4	0	11.0	11.0	0.0	
70	y_(28, 1),(21, 1)	4	0	11.0	11.0	0.0	
70	w_(15, 1)	4	0	3.0	11.0	-8.0	
70	y_(65, 3),(21, 3)	4	0	1.0	1.0	0.0	
70	y_(33, 1),(10, 1)	4	0	5.0	5.0	0.0	
70	y_(40, 3),(57, 3)	4	0	4.0	4.0	0.0	
70	y_(10, 1),(33, 1)	4	0	5.0	5.0	0.0	
70	y_(10, 1),(30, 1)	4	0	11.0	11.0	0.0	
70	y_(14, 3),(59, 3)	4	0	11.0	11.0	0.0	
70	y_(57, 3),(38, 3)	4	0	11.0	11.0	0.0	
70	w_(9, 1)	4	0	2.0	2.0	0.0	
70	y_(8, 4),(13, 4)	4	0	5.0	5.0	0.0	
70	y_(30, 1),(10, 1)	4	0	11.0	11.0	0.0	
70	y_(43, 1),(45, 1)	4	0	11.0	11.0	0.0	
70	w_(66, 3)	4	0	4.0	11.0	-7.0	
70	w_(28, 3)	4	0	1.0	1.0	0.0	
70	y_(35, 3),(3, 3)	4	0	11.0	11.0	0.0	
70	y_(20, 1),(19, 1)	4	0	11.0	11.0	0.0	
70	y_(37, 3),(64, 3)	4	0	11.0	11.0	0.0	
70	w_(5, 4)	4	0	1.0	1.0	0.0	
70	y_(57, 3),(40, 3)	4	0	4.0	4.0	0.0	
70	w_(37, 1)	4	0	11.0	11.0	0.0	
70	y_(20, 4),(9, 4)	4	0	4.0	4.0	0.0	
70	y_(72, 3),(25, 3)	4	0	11.0	11.0	0.0	
70	w_(26, 4)	4	0	11.0	4.0	7.0	
70	y_(38, 3),(57, 3)	4	0	11.0	11.0	0.0	
70	y_(13, 4),(8, 4)	4	0	5.0	5.0	0.0	
70	y_(9, 4),(20, 4)	4	0	4.0	4.0	0.0	
70	y_(21, 3),(65, 3)	4	0	1.0	1.0	0.0	
70	y_(17, 1),(5, 1)	4	0	11.0	11.0	0.0	
70	w_(45, 1)	4	0	3.0	11.0	-8.0	
70	y_(19, 1),(20, 1)	4	0	11.0	11.0	0.0	
70	y_(54, 3),(55, 3)	4	0	11.0	11.0	0.0	
70	y_(55, 3),(54, 3)	4	0	11.0	11.0	0.0	
70	w_(32, 1)	4	0	2.0	7.0	-5.0	
70	y_(21, 1),(28, 1)	4	0	11.0	11.0	0.0	
70	y_(24, 1),(8, 1)	4	0	11.0	11.0	0.0	
80	y_(7, 1),(26, 1)	4	0	11.0	11.0	0.0	
80	w_(31, 3)	4	0	2.0	3.0	-1.0	
80	y_(31, 3),(32, 3)	4	0	11.0	11.0	0.0	
80	w_(10, 1)	4	0	3.0	2.0	1.0	
80	w_(16, 1)	4	0	3.0	3.0	0.0	
80	w_(15, 2)	4	0	2.0	1.0	1.0	
80	y_(68, 3),(45, 3)	4	0	5.0	5.0	0.0	
80	y_(47, 1),(45, 1)	4	0	11.0	11.0	0.0	
80	w_(39, 3)	4	0	3.0	2.0	1.0	
80	y_(32, 3),(31, 3)	4	0	11.0	11.0	0.0	
80	w_(53, 3)	4	0	3.0	4.0	-1.0	
80	y_(26, 1),(7, 1)	4	0	11.0	11.0	0.0	
80	y_(13, 3),(61, 3)	4	0	1.0	1.0	0.0	
80	w_(6, 3)	4	0	2.0	1.0	1.0	
80	w_(11, 1)	4	0	4.0	4.0	0.0	
80	w_(68, 3)	4	0	5.0	8.0	-3.0	
80	y_(19, 4),(20, 4)	4	0	11.0	11.0	0.0	
80	y_(18, 4),(11, 4)	4	0	11.0	11.0	0.0	
80	y_(63, 3),(62, 3)	4	0	11.0	11.0	0.0	
80	y_(8, 3),(73, 3)	4	0	11.0	11.0	0.0	
80	y_(73, 3),(8, 3)	4	0	11.0	11.0	0.0	
80	y_(10, 1),(30, 1)	4	0	11.0	11.0	0.0	
80	y_(2, 1),(1, 1)	4	0	11.0	11.0	0.0	
80	y_(45, 3),(68, 3)	4	0	5.0	5.0	0.0	
80	y_(30, 1),(10, 1)	4	0	11.0	11.0	0.0	
80	y_(18, 3),(17, 3)	4	0	11.0	11.0	0.0	
80	w_(26, 3)	4	0	1.0	1.0	0.0	
80	y_(17, 3),(18, 3)	4	0	11.0	11.0	0.0	
80	w_(4, 3)	4	0	1.0	2.0	-1.0	
80	y_(45, 1),(47, 1)	4	0	11.0	11.0	0.0	
80	y_(62, 3),(63, 3)	4	0	11.0	11.0	0.0	
80	y_(42, 1),(43, 1)	4	0	11.0	11.0	0.0	
80	y_(4, 3),(74, 3)	4	0	11.0	11.0	0.0	
80	y_(74, 3),(4, 3)	4	0	11.0	11.0	0.0	
80	y_(1, 1),(2, 1)	4	0	11.0	11.0	0.0	
80	y_(11, 4),(18, 4)	4	0	11.0	11.0	0.0	
80	w_(48, 3)	4	0	1.0	2.0	-1.0	
80	y_(20, 4),(19, 4)	4	0	11.0	11.0	0.0	
80	y_(61, 3),(13, 3)	4	0	1.0	1.0	0.0	
80	y_(43, 1),(42, 1)	4	0	11.0	11.0	0.0	
80	w_(12, 1)	4	0	4.0	4.0	0.0	
80	w_(22, 1)	4	0	2.0	2.0	0.0	
80	w_(32, 1)	4	0	4.0	3.0	1.0	
90	y_(11, 3),(13, 3)	4	0	11.0	11.0	0.0	
90	w_(7, 3)	4	0	3.0	6.0	-3.0	
90	y_(11, 4),(2, 4)	4	0	11.0	11.0	0.0	
90	y_(0, 2),(9, 2)	4	0	2.0	2.0	0.0	
90	y_(27, 1),(25, 1)	4	0	11.0	11.0	0.0	
90	w_(5, 2)	4	0	1.0	1.0	0.0	
90	w_(14, 3)	4	0	3.0	2.0	1.0	
90	y_(9, 4),(6, 4)	4	0	2.0	2.0	0.0	
90	y_(17, 4),(9, 4)	4	0	5.0	5.0	0.0	
90	y_(4, 3),(62, 3)	4	0	5.0	5.0	0.0	
90	y_(59, 3),(27, 3)	4	0	3.0	3.0	0.0	
90	y_(9, 4),(17, 4)	4	0	5.0	5.0	0.0	
90	w_(34, 3)	4	0	1.0	5.0	-4.0	
90	y_(51, 3),(0, 3)	4	0	11.0	11.0	0.0	
90	y_(13, 3),(11, 3)	4	0	11.0	11.0	0.0	
90	w_(48, 1)	4	0	4.0	6.0	-2.0	
90	y_(36, 1),(12, 1)	4	0	4.0	4.0	0.0	
90	y_(38, 1),(10, 1)	4	0	11.0	11.0	0.0	
90	y_(63, 3),(62, 3)	4	0	11.0	11.0	0.0	
90	y_(12, 1),(36, 1)	4	0	4.0	4.0	0.0	
90	y_(33, 3),(2, 3)	4	0	5.0	5.0	0.0	
90	y_(25, 1),(27, 1)	4	0	11.0	11.0	0.0	
90	y_(1, 3),(61, 3)	4	0	4.0	4.0	0.0	
90	y_(7, 2),(8, 2)	4	0	1.0	1.0	0.0	
90	y_(61, 3),(1, 3)	4	0	4.0	4.0	0.0	
90	y_(15, 1),(1, 1)	4	0	11.0	11.0	0.0	
90	y_(27, 3),(59, 3)	4	0	3.0	3.0	0.0	
90	y_(9, 2),(0, 2)	4	0	2.0	2.0	0.0	
90	y_(24, 1),(5, 1)	4	0	11.0	11.0	0.0	
90	y_(13, 2),(6, 2)	4	0	11.0	11.0	0.0	
90	y_(1, 4),(6, 4)	4	0	11.0	11.0	0.0	
90	y_(0, 3),(51, 3)	4	0	11.0	11.0	0.0	
90	w_(64, 3)	4	0	11.0	11.0	0.0	
90	y_(5, 1),(24, 1)	4	0	11.0	11.0	0.0	
90	y_(62, 3),(63, 3)	4	0	11.0	11.0	0.0	
90	w_(3, 3)	4	0	1.0	3.0	-2.0	
90	y_(8, 2),(7, 2)	4	0	1.0	1.0	0.0	
90	y_(6, 2),(13, 2)	4	0	11.0	11.0	0.0	
90	w_(37, 1)	4	0	11.0	7.0	4.0	
90	y_(4, 1),(26, 1)	4	0	11.0	11.0	0.0	
90	y_(2, 1),(20, 1)	4	0	11.0	11.0	0.0	
90	y_(10, 1),(38, 1)	4	0	11.0	11.0	0.0	
90	y_(20, 1),(2, 1)	4	0	11.0	11.0	0.0	
90	y_(26, 1),(4, 1)	4	0	11.0	11.0	0.0	
90	y_(6, 4),(1, 4)	4	0	11.0	11.0	0.0	
90	y_(1, 1),(15, 1)	4	0	11.0	11.0	0.0	
90	y_(62, 3),(4, 3)	4	0	5.0	5.0	0.0	
90	y_(2, 4),(11, 4)	4	0	11.0	11.0	0.0	
90	y_(6, 4),(9, 4)	4	0	2.0	2.0	0.0	
90	w_(32, 3)	4	0	2.0	1.0	1.0	
90	w_(35, 1)	4	0	4.0	6.0	-2.0	
90	w_(54, 3)	4	0	3.0	3.0	0.0	
90	w_(27, 1)	4	0	2.0	5.0	-3.0	
90	y_(2, 3),(33, 3)	4	0	5.0	5.0	0.0	
100	y_(3, 1),(0, 1)	4	0	11.0	11.0	0.0	
100	y_(15, 3),(28, 3)	4	0	11.0	11.0	0.0	
100	y_(59, 3),(14, 3)	4	0	11.0	11.0	0.0	
100	y_(39, 3),(66, 3)	4	0	11.0	11.0	0.0	
100	y_(3, 4),(21, 4)	4	0	11.0	11.0	0.0	
100	y_(29, 3),(51, 3)	4	0	7.0	7.0	0.0	
100	y_(11, 1),(40, 1)	4	0	11.0	11.0	0.0	
100	y_(0, 1),(3, 1)	4	0	11.0	11.0	0.0	
100	w_(55, 3)	4	0	8.0	6.0	2.0	
100	y_(40, 1),(13, 1)	4	0	11.0	11.0	0.0	
100	y_(33, 1),(7, 1)	4	0	11.0	11.0	0.0	
100	w_(10, 1)	4	0	3.0	6.0	-3.0	
100	w_(15, 2)	4	0	2.0	1.0	1.0	
100	y_(26, 3),(9, 3)	4	0	11.0	11.0	0.0	
100	y_(7, 1),(33, 1)	4	0	11.0	11.0	0.0	
100	y_(40, 1),(37, 1)	4	0	7.0	7.0	0.0	
100	y_(13, 1),(40, 1)	4	0	11.0	11.0	0.0	
100	y_(12, 3),(60, 3)	4	0	3.0	3.0	0.0	
100	y_(37, 1),(40, 1)	4	0	7.0	7.0	0.0	
100	w_(46, 3)	4	0	4.0	4.0	0.0	
100	y_(13, 3),(61, 3)	4	0	8.0	8.0	0.0	
100	w_(52, 3)	4	0	8.0	11.0	-3.0	
100	w_(11, 1)	4	0	7.0	8.0	-1.0	
100	y_(36, 1),(12, 1)	4	0	6.0	6.0	0.0	
100	y_(45, 1),(14, 1)	4	0	6.0	6.0	0.0	
100	y_(12, 1),(36, 1)	4	0	6.0	6.0	0.0	
100	w_(15, 1)	4	0	4.0	7.0	-3.0	
100	w_(30, 1)	4	0	3.0	6.0	-3.0	
100	y_(10, 1),(30, 1)	4	0	11.0	11.0	0.0	
100	y_(14, 3),(59, 3)	4	0	11.0	11.0	0.0	
100	w_(18, 3)	4	0	1.0	1.0	0.0	
100	w_(8, 3)	4	0	4.0	4.0	0.0	
100	w_(27, 3)	4	0	3.0	5.0	-2.0	
100	y_(69, 3),(70, 3)	4	0	11.0	11.0	0.0	
100	y_(44, 3),(6, 3)	4	0	8.0	8.0	0.0	
100	w_(13, 2)	4	0	2.0	2.0	0.0	
100	y_(30, 1),(10, 1)	4	0	11.0	11.0	0.0	
100	y_(1, 4),(6, 4)	4	0	11.0	11.0	0.0	
100	y_(6, 3),(44, 3)	4	0	8.0	8.0	0.0	
100	w_(9, 4)	4	0	1.0	1.0	0.0	
100	y_(0, 2),(5, 2)	4	0	5.0	5.0	0.0	
100	y_(5, 2),(0, 2)	4	0	5.0	5.0	0.0	
100	y_(21, 4),(3, 4)	4	0	11.0	11.0	0.0	
100	w_(46, 1)	4	0	11.0	11.0	0.0	
100	w_(43, 1)	4	0	7.0	7.0	0.0	
100	y_(51, 3),(29, 3)	4	0	7.0	7.0	0.0	
100	y_(14, 1),(45, 1)	4	0	6.0	6.0	0.0	
100	w_(0, 2)	4	0	1.0	2.0	-1.0	
100	w_(48, 3)	4	0	2.0	5.0	-3.0	
100	y_(72, 3),(70, 3)	4	0	11.0	11.0	0.0	
100	y_(40, 1),(11, 1)	4	0	11.0	11.0	0.0	
100	y_(61, 3),(13, 3)	4	0	8.0	8.0	0.0	
100	w_(19, 4)	4	0	5.0	4.0	1.0	
100	y_(6, 4),(1, 4)	4	0	11.0	11.0	0.0	
100	y_(66, 3),(39, 3)	4	0	11.0	11.0	0.0	
100	y_(28, 3),(15, 3)	4	0	11.0	11.0	0.0	
100	w_(19, 3)	4	0	4.0	5.0	-1.0	
100	y_(60, 3),(12, 3)	4	0	3.0	3.0	0.0	
100	w_(12, 1)	4	0	6.0	8.0	-2.0	
100	w_(10, 2)	4	0	5.0	7.0	-2.0	
100	w_(32, 3)	4	0	2.0	2.0	0.0	
100	y_(70, 3),(69, 3)	4	0	11.0	11.0	0.0	
100	w_(32, 1)	4	0	6.0	6.0	0.0	
100	y_(9, 3),(26, 3)	4	0	11.0	11.0	0.0	
100	w_(11, 3)	4	0	1.0	2.0	-1.0	
100	w_(30, 3)	4	0	5.0	5.0	0.0	
100	y_(70, 3),(72, 3)	4	0	11.0	11.0	0.0	
110	y_(17, 1),(18, 1)	4	0	11.0	11.0	0.0	
110	y_(15, 4),(14, 4)	4	0	11.0	11.0	0.0	
110	y_(31, 1),(9, 1)	4	0	11.0	11.0	0.0	
110	w_(41, 3)	4	0	5.0	4.0	1.0	
110	w_(25, 3)	4	0	2.0	1.0	1.0	
110	y_(74, 3),(11, 3)	4	0	11.0	11.0	0.0	
110	y_(0, 4),(21, 4)	4	0	6.0	6.0	0.0	
110	y_(13, 2),(1, 2)	4	0	8.0	8.0	0.0	
110	w_(44, 1)	4	0	7.0	7.0	0.0	
110	y_(26, 4),(19, 4)	4	0	11.0	11.0	0.0	
110	y_(48, 3),(5, 3)	4	0	3.0	3.0	0.0	
110	y_(13, 1),(48, 1)	4	0	11.0	11.0	0.0	
110	w_(21, 3)	4	0	1.0	1.0	0.0	
110	w_(31, 3)	4	0	3.0	2.0	1.0	
110	w_(14, 3)	4	0	6.0	7.0	-1.0	
110	w_(3, 1)	4	0	1.0	2.0	-1.0	
110	w_(5, 1)	4	0	1.0	1.0	0.0	
110	w_(29, 3)	4	0	8.0	7.0	1.0	
110	w_(7, 2)	4	0	1.0	1.0	0.0	
110	y_(23, 3),(45, 3)	4	0	11.0	11.0	0.0	
110	y_(5, 3),(64, 3)	4	0	11.0	11.0	0.0	
110	y_(51, 3),(0, 3)	4	0	11.0	11.0	0.0	
110	w_(9, 3)	4	0	3.0	3.0	0.0	
110	w_(10, 4)	4	0	4.0	5.0	-1.0	
110	w_(0, 3)	4	0	4.0	4.0	0.0	
110	y_(45, 1),(14, 1)	4	0	7.0	7.0	0.0	
110	w_(15, 1)	4	0	5.0	4.0	1.0	
110	y_(39, 1),(38, 1)	4	0	7.0	7.0	0.0	
110	y_(16, 1),(0, 1)	4	0	5.0	5.0	0.0	
110	y_(33, 1),(10, 1)	4	0	11.0	11.0	0.0	
110	y_(10, 1),(33, 1)	4	0	11.0	11.0	0.0	
110	y_(9, 1),(8, 1)	4	0	11.0	11.0	0.0	
110	y_(25, 1),(29, 1)	4	0	11.0	11.0	0.0	
110	y_(17, 1),(15, 1)	4	0	11.0	11.0	0.0	
110	y_(57, 3),(38, 3)	4	0	11.0	11.0	0.0	
110	y_(1, 2),(13, 2)	4	0	8.0	8.0	0.0	
110	y_(24, 4),(5, 4)	4	0	9.0	9.0	0.0	
110	w_(20, 3)	4	0	2.0	4.0	-2.0	
110	y_(8, 4),(13, 4)	4	0	8.0	8.0	0.0	
110	y_(7, 1),(30, 1)	4	0	11.0	11.0	0.0	
110	y_(48, 1),(13, 1)	4	0	11.0	11.0	0.0	
110	y_(8, 1),(9, 1)	4	0	11.0	11.0	0.0	
110	y_(21, 4),(0, 4)	4	0	6.0	6.0	0.0	
110	y_(0, 3),(51, 3)	4	0	11.0	11.0	0.0	
110	y_(5, 3),(48, 3)	4	0	3.0	3.0	0.0	
110	y_(0, 2),(5, 2)	4	0	5.0	5.0	0.0	
110	y_(5, 4),(24, 4)	4	0	9.0	9.0	0.0	
110	y_(0, 1),(16, 1)	4	0	5.0	5.0	0.0	
110	y_(5, 2),(0, 2)	4	0	5.0	5.0	0.0	
110	y_(15, 4),(16, 4)	4	0	4.0	4.0	0.0	
110	y_(45, 3),(23, 3)	4	0	11.0	11.0	0.0	
110	y_(38, 1),(39, 1)	4	0	7.0	7.0	0.0	
110	y_(9, 1),(27, 1)	4	0	11.0	11.0	0.0	
110	y_(4, 1),(26, 1)	4	0	11.0	11.0	0.0	
110	y_(9, 1),(31, 1)	4	0	11.0	11.0	0.0	
110	w_(22, 4)	4	0	3.0	2.0	1.0	
110	y_(14, 1),(45, 1)	4	0	7.0	7.0	0.0	
110	y_(15, 1),(17, 1)	4	0	11.0	11.0	0.0	
110	w_(48, 3)	4	0	2.0	3.0	-1.0	
110	y_(16, 4),(15, 4)	4	0	4.0	4.0	0.0	
110	y_(38, 3),(57, 3)	4	0	11.0	11.0	0.0	
110	y_(64, 3),(5, 3)	4	0	11.0	11.0	0.0	
110	y_(13, 4),(8, 4)	4	0	8.0	8.0	0.0	
110	y_(27, 1),(9, 1)	4	0	11.0	11.0	0.0	
110	y_(14, 3),(58, 3)	4	0	8.0	8.0	0.0	
110	y_(18, 1),(17, 1)	4	0	11.0	11.0	0.0	
110	y_(14, 4),(15, 4)	4	0	11.0	11.0	0.0	
110	w_(36, 3)	4	0	2.0	2.0	0.0	
110	y_(29, 1),(25, 1)	4	0	11.0	11.0	0.0	
110	y_(26, 1),(4, 1)	4	0	11.0	11.0	0.0	
110	y_(19, 4),(26, 4)	4	0	11.0	11.0	0.0	
110	y_(24, 4),(23, 4)	4	0	11.0	11.0	0.0	
110	y_(58, 3),(14, 3)	4	0	8.0	8.0	0.0	
110	w_(12, 1)	4	0	7.0	7.0	0.0	
110	y_(11, 3),(74, 3)	4	0	11.0	11.0	0.0	
110	y_(23, 4),(24, 4)	4	0	11.0	11.0	0.0	
110	w_(40, 3)	4	0	6.0	6.0	0.0	
110	w_(21, 4)	4	0	6.0	4.0	2.0	
110	w_(30, 3)	4	0	4.0	6.0	-2.0	
110	y_(30, 1),(7, 1)	4	0	11.0	11.0	0.0	
120	w_(74, 3)	4	0	3.0	2.0	1.0	
120	y_(11, 1),(48, 1)	4	0	11.0	11.0	0.0	
120	y_(8, 1),(30, 1)	4	0	11.0	11.0	0.0	
120	y_(7, 1),(26, 1)	4	0	11.0	11.0	0.0	
120	y_(68, 3),(71, 3)	4	0	11.0	11.0	0.0	
120	y_(11, 3),(13, 3)	4	0	11.0	11.0	0.0	
120	y_(3, 1),(0, 1)	4	0	11.0	11.0	0.0	
120	y_(17, 1),(18, 1)	4	0	11.0	11.0	0.0	
120	w_(20, 4)	4	0	2.0	2.0	0.0	
120	y_(60, 3),(1, 3)	4	0	4.0	4.0	0.0	
120	y_(0, 1),(3, 1)	4	0	11.0	11.0	0.0	
120	w_(73, 3)	4	0	6.0	8.0	-2.0	
120	y_(45, 1),(44, 1)	4	0	11.0	11.0	0.0	
120	y_(8, 2),(15, 2)	4	0	1.0	1.0	0.0	
120	y_(31, 3),(32, 3)	4	0	11.0	11.0	0.0	
120	w_(10, 1)	4	0	2.0	5.0	-3.0	
120	w_(50, 3)	4	0	3.0	3.0	0.0	
120	w_(62, 3)	4	0	3.0	1.0	2.0	
120	w_(67, 3)	4	0	11.0	10.0	1.0	
120	y_(26, 3),(9, 3)	4	0	11.0	11.0	0.0	
120	y_(34, 1),(8, 1)	4	0	8.0	8.0	0.0	
120	y_(30, 1),(8, 1)	4	0	11.0	11.0	0.0	
120	y_(71, 3),(68, 3)	4	0	11.0	11.0	0.0	
120	y_(32, 3),(31, 3)	4	0	11.0	11.0	0.0	
120	w_(53, 3)	4	0	7.0	6.0	1.0	
120	y_(26, 1),(7, 1)	4	0	11.0	11.0	0.0	
120	y_(13, 3),(61, 3)	4	0	2.0	2.0	0.0	
120	y_(1, 3),(60, 3)	4	0	4.0	4.0	0.0	
120	w_(52, 3)	4	0	8.0	10.0	-2.0	
120	w_(70, 3)	4	0	11.0	10.0	1.0	
120	w_(10, 4)	4	0	5.0	6.0	-1.0	
120	y_(13, 3),(11, 3)	4	0	11.0	11.0	0.0	
120	w_(68, 3)	4	0	8.0	5.0	3.0	
120	w_(35, 3)	4	0	1.0	1.0	0.0	
120	y_(33, 3),(2, 3)	4	0	11.0	11.0	0.0	
120	y_(16, 1),(0, 1)	4	0	5.0	5.0	0.0	
120	y_(44, 1),(45, 1)	4	0	11.0	11.0	0.0	
120	w_(12, 3)	4	0	1.0	5.0	-4.0	
120	w_(0, 4)	4	0	5.0	7.0	-2.0	
120	y_(56, 3),(0, 3)	4	0	11.0	11.0	0.0	
120	y_(9, 1),(8, 1)	4	0	11.0	11.0	0.0	
120	w_(47, 1)	4	0	11.0	11.0	0.0	
120	y_(25, 4),(21, 4)	4	0	11.0	11.0	0.0	
120	y_(36, 1),(38, 1)	4	0	11.0	11.0	0.0	
120	y_(48, 1),(11, 1)	4	0	11.0	11.0	0.0	
120	w_(15, 3)	4	0	4.0	1.0	3.0	
120	y_(5, 3),(24, 3)	4	0	2.0	2.0	0.0	
120	w_(1, 2)	4	0	1.0	1.0	0.0	
120	y_(8, 1),(9, 1)	4	0	11.0	11.0	0.0	
120	w_(28, 3)	4	0	4.0	3.0	1.0	
120	y_(0, 1),(16, 1)	4	0	5.0	5.0	0.0	
120	w_(43, 1)	4	0	7.0	10.0	-3.0	
120	w_(14, 1)	4	0	7.0	9.0	-2.0	
120	w_(33, 1)	4	0	6.0	9.0	-3.0	
120	y_(4, 1),(26, 1)	4	0	11.0	11.0	0.0	
120	w_(6, 1)	4	0	6.0	7.0	-1.0	
120	y_(2, 1),(20, 1)	4	0	11.0	11.0	0.0	
120	y_(24, 3),(5, 3)	4	0	2.0	2.0	0.0	
120	y_(20, 1),(2, 1)	4	0	11.0	11.0	0.0	
120	y_(8, 1),(34, 1)	4	0	8.0	8.0	0.0	
120	y_(4, 4),(3, 4)	4	0	8.0	8.0	0.0	
120	y_(15, 2),(8, 2)	4	0	1.0	1.0	0.0	
120	y_(61, 3),(13, 3)	4	0	2.0	2.0	0.0	
120	y_(18, 1),(17, 1)	4	0	11.0	11.0	0.0	
120	y_(3, 4),(4, 4)	4	0	8.0	8.0	0.0	
120	y_(26, 1),(4, 1)	4	0	11.0	11.0	0.0	
120	y_(24, 4),(23, 4)	4	0	11.0	11.0	0.0	
120	w_(19, 3)	4	0	5.0	6.0	-1.0	
120	w_(12, 1)	4	0	7.0	9.0	-2.0	
120	y_(21, 4),(25, 4)	4	0	11.0	11.0	0.0	
120	y_(23, 4),(24, 4)	4	0	11.0	11.0	0.0	
120	y_(0, 3),(56, 3)	4	0	11.0	11.0	0.0	
120	w_(40, 3)	4	0	6.0	8.0	-2.0	
120	y_(38, 1),(36, 1)	4	0	11.0	11.0	0.0	
120	y_(9, 3),(26, 3)	4	0	11.0	11.0	0.0	
120	w_(17, 1)	4	0	4.0	4.0	0.0	
120	w_(7, 4)	4	0	3.0	6.0	-3.0	
120	y_(2, 3),(33, 3)	4	0	11.0	11.0	0.0	
130	y_(17, 3),(0, 3)	4	0	11.0	11.0	0.0	
130	y_(15, 3),(28, 3)	4	0	3.0	3.0	0.0	
130	y_(28, 3),(56, 3)	4	0	11.0	11.0	0.0	
130	y_(12, 3),(9, 3)	4	0	11.0	11.0	0.0	
130	w_(2, 4)	4	0	4.0	2.0	2.0	
130	w_(44, 1)	4	0	6.0	10.0	-4.0	
130	y_(11, 4),(8, 4)	4	0	11.0	11.0	0.0	
130	y_(47, 3),(74, 3)	4	0	3.0	3.0	0.0	
130	w_(8, 1)	4	0	2.0	7.0	-5.0	
130	y_(3, 3),(35, 3)	4	0	11.0	11.0	0.0	
130	w_(73, 3)	4	0	5.0	9.0	-4.0	
130	y_(20, 4),(8, 4)	4	0	7.0	7.0	0.0	
130	y_(13, 1),(48, 1)	4	0	11.0	11.0	0.0	
130	y_(60, 3),(58, 3)	4	0	11.0	11.0	0.0	
130	y_(57, 3),(66, 3)	4	0	11.0	11.0	0.0	
130	y_(26, 3),(56, 3)	4	0	11.0	11.0	0.0	
130	w_(69, 3)	4	0	7.0	11.0	-4.0	
130	y_(8, 4),(11, 4)	4	0	11.0	11.0	0.0	
130	w_(62, 3)	4	0	8.0	11.0	-3.0	
130	y_(34, 1),(8, 1)	4	0	9.0	9.0	0.0	
130	y_(9, 3),(12, 3)	4	0	11.0	11.0	0.0	
130	y_(12, 3),(60, 3)	4	0	1.0	1.0	0.0	
130	y_(49, 3),(23, 3)	4	0	11.0	11.0	0.0	
130	w_(39, 3)	4	0	2.0	8.0	-6.0	
130	y_(36, 3),(3, 3)	4	0	11.0	11.0	0.0	
130	y_(13, 3),(61, 3)	4	0	8.0	8.0	0.0	
130	y_(25, 3),(72, 3)	4	0	2.0	2.0	0.0	
130	y_(18, 3),(34, 3)	4	0	4.0	4.0	0.0	
130	y_(8, 3),(7, 3)	4	0	11.0	11.0	0.0	
130	y_(6, 2),(11, 2)	4	0	11.0	11.0	0.0	
130	w_(0, 3)	4	0	1.0	6.0	-5.0	
130	w_(42, 3)	4	0	11.0	11.0	0.0	
130	y_(63, 3),(62, 3)	4	0	11.0	11.0	0.0	
130	y_(4, 2),(10, 2)	4	0	11.0	11.0	0.0	
130	y_(40, 3),(57, 3)	4	0	5.0	5.0	0.0	
130	w_(59, 3)	4	0	3.0	2.0	1.0	
130	w_(0, 4)	4	0	3.0	9.0	-6.0	
130	y_(62, 3),(25, 3)	4	0	8.0	8.0	0.0	
130	y_(53, 3),(52, 3)	4	0	6.0	6.0	0.0	
130	y_(44, 1),(42, 1)	4	0	11.0	11.0	0.0	
130	y_(8, 4),(20, 4)	4	0	7.0	7.0	0.0	
130	y_(12, 4),(13, 4)	4	0	7.0	7.0	0.0	
130	y_(24, 4),(5, 4)	4	0	7.0	7.0	0.0	
130	y_(10, 2),(4, 2)	4	0	11.0	11.0	0.0	
130	y_(7, 1),(30, 1)	4	0	11.0	11.0	0.0	
130	y_(8, 4),(4, 4)	4	0	11.0	11.0	0.0	
130	y_(48, 1),(13, 1)	4	0	11.0	11.0	0.0	
130	y_(4, 4),(8, 4)	4	0	11.0	11.0	0.0	
130	y_(6, 3),(67, 3)	4	0	11.0	11.0	0.0	
130	w_(4, 3)	4	0	1.0	1.0	0.0	
130	y_(52, 3),(53, 3)	4	0	6.0	6.0	0.0	
130	w_(25, 1)	4	0	5.0	5.0	0.0	
130	y_(62, 3),(63, 3)	4	0	11.0	11.0	0.0	
130	y_(3, 3),(36, 3)	4	0	11.0	11.0	0.0	
130	y_(5, 4),(24, 4)	4	0	7.0	7.0	0.0	
130	y_(35, 3),(3, 3)	4	0	11.0	11.0	0.0	
130	y_(20, 1),(19, 1)	4	0	11.0	11.0	0.0	
130	y_(58, 3),(60, 3)	4	0	11.0	11.0	0.0	
130	y_(4, 1),(19, 1)	4	0	11.0	11.0	0.0	
130	y_(57, 3),(40, 3)	4	0	5.0	5.0	0.0	
130	y_(7, 3),(8, 3)	4	0	11.0	11.0	0.0	
130	w_(12, 2)	4	0	5.0	8.0	-3.0	
130	w_(31, 1)	4	0	4.0	8.0	-4.0	
130	y_(19, 1),(4, 1)	4	0	11.0	11.0	0.0	
130	y_(72, 3),(25, 3)	4	0	2.0	2.0	0.0	
130	y_(13, 4),(12, 4)	4	0	7.0	7.0	0.0	
130	y_(8, 1),(34, 1)	4	0	9.0	9.0	0.0	
130	y_(61, 3),(13, 3)	4	0	8.0	8.0	0.0	
130	y_(56, 3),(26, 3)	4	0	11.0	11.0	0.0	
130	w_(15, 4)	4	0	1.0	7.0	-6.0	
130	w_(56, 3)	4	0	11.0	9.0	2.0	
130	w_(39, 1)	4	0	6.0	11.0	-5.0	
130	y_(28, 3),(15, 3)	4	0	3.0	3.0	0.0	
130	y_(11, 2),(6, 2)	4	0	11.0	11.0	0.0	
130	y_(56, 3),(28, 3)	4	0	11.0	11.0	0.0	
130	y_(42, 1),(44, 1)	4	0	11.0	11.0	0.0	
130	y_(0, 3),(17, 3)	4	0	11.0	11.0	0.0	
130	y_(60, 3),(12, 3)	4	0	1.0	1.0	0.0	
130	y_(23, 3),(49, 3)	4	0	11.0	11.0	0.0	
130	w_(12, 1)	4	0	6.0	11.0	-5.0	
130	y_(19, 1),(20, 1)	4	0	11.0	11.0	0.0	
130	y_(54, 3),(55, 3)	4	0	8.0	8.0	0.0	
130	y_(55, 3),(54, 3)	4	0	8.0	8.0	0.0	
130	y_(25, 3),(62, 3)	4	0	8.0	8.0	0.0	
130	w_(27, 1)	4	0	2.0	9.0	-7.0	
130	y_(33, 3),(35, 3)	4	0	4.0	4.0	0.0	
130	y_(74, 3),(47, 3)	4	0	3.0	3.0	0.0	
130	y_(67, 3),(6, 3)	4	0	11.0	11.0	0.0	
130	y_(35, 3),(33, 3)	4	0	4.0	4.0	0.0	
130	y_(66, 3),(57, 3)	4	0	11.0	11.0	0.0	
130	y_(34, 3),(18, 3)	4	0	4.0	4.0	0.0	
130	y_(30, 1),(7, 1)	4	0	11.0	11.0	0.0	
140	y_(17, 3),(0, 3)	4	0	11.0	11.0	0.0	
140	y_(15, 3),(28, 3)	4	0	1.0	1.0	0.0	
140	w_(28, 1)	4	0	4.0	6.0	-2.0	
140	w_(18, 1)	4	0	7.0	6.0	1.0	
140	y_(13, 2),(1, 2)	4	0	8.0	8.0	0.0	
140	y_(3, 4),(21, 4)	4	0	11.0	11.0	0.0	
140	w_(21, 3)	4	0	3.0	3.0	0.0	
140	w_(14, 4)	4	0	6.0	6.0	0.0	
140	y_(38, 3),(3, 3)	4	0	11.0	11.0	0.0	
140	y_(36, 1),(32, 1)	4	0	11.0	11.0	0.0	
140	w_(69, 3)	4	0	11.0	11.0	0.0	
140	y_(54, 3),(65, 3)	4	0	11.0	11.0	0.0	
140	w_(16, 1)	4	0	5.0	5.0	0.0	
140	y_(12, 3),(60, 3)	4	0	8.0	8.0	0.0	
140	y_(4, 3),(62, 3)	4	0	9.0	9.0	0.0	
140	w_(46, 3)	4	0	4.0	5.0	-1.0	
140	w_(40, 1)	4	0	7.0	9.0	-2.0	
140	y_(25, 4),(22, 4)	4	0	11.0	11.0	0.0	
140	y_(5, 3),(64, 3)	4	0	11.0	11.0	0.0	
140	w_(52, 3)	4	0	5.0	11.0	-6.0	
140	w_(60, 3)	4	0	8.0	9.0	-1.0	
140	w_(4, 2)	4	0	2.0	3.0	-1.0	
140	y_(8, 3),(7, 3)	4	0	11.0	11.0	0.0	
140	y_(36, 1),(12, 1)	4	0	7.0	7.0	0.0	
140	w_(0, 3)	4	0	2.0	6.0	-4.0	
140	y_(19, 4),(20, 4)	4	0	11.0	11.0	0.0	
140	y_(32, 1),(36, 1)	4	0	11.0	11.0	0.0	
140	y_(63, 3),(62, 3)	4	0	11.0	11.0	0.0	
140	y_(66, 3),(6, 3)	4	0	9.0	9.0	0.0	
140	y_(4, 2),(10, 2)	4	0	11.0	11.0	0.0	
140	y_(12, 1),(36, 1)	4	0	7.0	7.0	0.0	
140	y_(23, 1),(6, 1)	4	0	11.0	11.0	0.0	
140	y_(65, 3),(21, 3)	4	0	4.0	4.0	0.0	
140	y_(14, 2),(13, 2)	4	0	7.0	7.0	0.0	
140	w_(17, 3)	4	0	11.0	11.0	0.0	
140	w_(0, 4)	4	0	5.0	6.0	-1.0	
140	y_(56, 3),(0, 3)	4	0	9.0	9.0	0.0	
140	y_(62, 3),(25, 3)	4	0	9.0	9.0	0.0	
140	y_(9, 1),(8, 1)	4	0	11.0	11.0	0.0	
140	y_(10, 1),(30, 1)	4	0	11.0	11.0	0.0	
140	y_(1, 2),(13, 2)	4	0	8.0	8.0	0.0	
140	y_(6, 3),(66, 3)	4	0	9.0	9.0	0.0	
140	w_(8, 3)	4	0	1.0	4.0	-3.0	
140	y_(10, 2),(4, 2)	4	0	11.0	11.0	0.0	
140	y_(69, 3),(70, 3)	4	0	11.0	11.0	0.0	
140	y_(5, 3),(24, 3)	4	0	1.0	1.0	0.0	
140	y_(30, 1),(10, 1)	4	0	11.0	11.0	0.0	
140	w_(1, 2)	4	0	1.0	2.0	-1.0	
140	y_(8, 1),(9, 1)	4	0	11.0	11.0	0.0	
140	y_(65, 3),(54, 3)	4	0	11.0	11.0	0.0	
140	y_(3, 3),(38, 3)	4	0	11.0	11.0	0.0	
140	y_(12, 2),(11, 2)	4	0	6.0	6.0	0.0	
140	w_(66, 3)	4	0	5.0	11.0	-6.0	
140	y_(62, 3),(63, 3)	4	0	11.0	11.0	0.0	
140	y_(22, 4),(25, 4)	4	0	11.0	11.0	0.0	
140	y_(11, 2),(12, 2)	4	0	6.0	6.0	0.0	
140	y_(21, 4),(3, 4)	4	0	11.0	11.0	0.0	
140	y_(7, 3),(8, 3)	4	0	11.0	11.0	0.0	
140	w_(34, 1)	4	0	2.0	1.0	1.0	
140	w_(6, 1)	4	0	6.0	8.0	-2.0	
140	w_(23, 4)	4	0	8.0	11.0	-3.0	
140	w_(22, 4)	4	0	3.0	5.0	-2.0	
140	w_(4, 4)	4	0	2.0	2.0	0.0	
140	y_(24, 3),(5, 3)	4	0	1.0	1.0	0.0	
140	y_(6, 1),(23, 1)	4	0	11.0	11.0	0.0	
140	y_(20, 4),(19, 4)	4	0	11.0	11.0	0.0	
140	y_(64, 3),(5, 3)	4	0	11.0	11.0	0.0	
140	y_(13, 2),(14, 2)	4	0	7.0	7.0	0.0	
140	y_(21, 3),(65, 3)	4	0	4.0	4.0	0.0	
140	w_(36, 3)	4	0	3.0	1.0	2.0	
140	w_(29, 1)	4	0	6.0	6.0	0.0	
140	y_(28, 3),(15, 3)	4	0	1.0	1.0	0.0	
140	y_(62, 3),(4, 3)	4	0	9.0	9.0	0.0	
140	y_(0, 3),(17, 3)	4	0	11.0	11.0	0.0	
140	y_(60, 3),(12, 3)	4	0	8.0	8.0	0.0	
140	y_(25, 3),(62, 3)	4	0	9.0	9.0	0.0	
140	y_(70, 3),(69, 3)	4	0	11.0	11.0	0.0	
140	y_(0, 3),(56, 3)	4	0	9.0	9.0	0.0	
140	w_(61, 3)	4	0	4.0	1.0	3.0	
140	w_(27, 1)	4	0	3.0	7.0	-4.0	
150	y_(17, 1),(18, 1)	4	0	11.0	11.0	0.0	
150	w_(6, 2)	4	0	5.0	8.0	-3.0	
150	y_(5, 3),(65, 3)	4	0	6.0	6.0	0.0	
150	y_(19, 4),(23, 4)	4	0	11.0	11.0	0.0	
150	w_(8, 1)	4	0	2.0	2.0	0.0	
150	y_(11, 1),(40, 1)	4	0	11.0	11.0	0.0	
150	y_(60, 3),(1, 3)	4	0	6.0	6.0	0.0	
150	y_(23, 4),(19, 4)	4	0	11.0	11.0	0.0	
150	y_(14, 4),(13, 4)	4	0	3.0	3.0	0.0	
150	y_(7, 1),(28, 1)	4	0	7.0	7.0	0.0	
150	y_(28, 1),(7, 1)	4	0	7.0	7.0	0.0	
150	y_(4, 3),(62, 3)	4	0	11.0	11.0	0.0	
150	y_(17, 4),(16, 4)	4	0	6.0	6.0	0.0	
150	y_(29, 1),(6, 1)	4	0	11.0	11.0	0.0	
150	y_(1, 3),(60, 3)	4	0	6.0	6.0	0.0	
150	y_(23, 3),(45, 3)	4	0	11.0	11.0	0.0	
150	w_(3, 4)	4	0	2.0	3.0	-1.0	
150	y_(4, 2),(10, 2)	4	0	11.0	11.0	0.0	
150	w_(15, 1)	4	0	5.0	7.0	-2.0	
150	y_(8, 3),(73, 3)	4	0	11.0	11.0	0.0	
150	y_(73, 3),(8, 3)	4	0	11.0	11.0	0.0	
150	y_(16, 1),(0, 1)	4	0	4.0	4.0	0.0	
150	w_(59, 3)	4	0	3.0	3.0	0.0	
150	w_(12, 3)	4	0	4.0	2.0	2.0	
150	y_(2, 1),(1, 1)	4	0	11.0	11.0	0.0	
150	y_(25, 4),(21, 4)	4	0	11.0	11.0	0.0	
150	y_(16, 4),(17, 4)	4	0	6.0	6.0	0.0	
150	y_(36, 1),(38, 1)	4	0	11.0	11.0	0.0	
150	y_(10, 2),(4, 2)	4	0	11.0	11.0	0.0	
150	y_(7, 1),(30, 1)	4	0	11.0	11.0	0.0	
150	y_(8, 4),(4, 4)	4	0	11.0	11.0	0.0	
150	y_(4, 4),(8, 4)	4	0	11.0	11.0	0.0	
150	w_(0, 1)	4	0	1.0	6.0	-5.0	
150	w_(4, 3)	4	0	1.0	1.0	0.0	
150	w_(66, 3)	4	0	11.0	11.0	0.0	
150	y_(13, 4),(14, 4)	4	0	3.0	3.0	0.0	
150	w_(16, 4)	4	0	4.0	6.0	-2.0	
150	y_(0, 1),(16, 1)	4	0	4.0	4.0	0.0	
150	w_(3, 3)	4	0	1.0	2.0	-1.0	
150	y_(45, 3),(23, 3)	4	0	11.0	11.0	0.0	
150	y_(65, 3),(5, 3)	4	0	6.0	6.0	0.0	
150	w_(37, 1)	4	0	11.0	8.0	3.0	
150	w_(6, 1)	4	0	4.0	7.0	-3.0	
150	y_(6, 1),(29, 1)	4	0	11.0	11.0	0.0	
150	w_(23, 4)	4	0	11.0	11.0	0.0	
150	w_(22, 4)	4	0	2.0	3.0	-1.0	
150	y_(1, 1),(2, 1)	4	0	11.0	11.0	0.0	
150	y_(26, 4),(22, 4)	4	0	11.0	11.0	0.0	
150	y_(3, 2),(0, 2)	4	0	1.0	1.0	0.0	
150	w_(48, 3)	4	0	2.0	1.0	1.0	
150	y_(40, 1),(11, 1)	4	0	11.0	11.0	0.0	
150	y_(22, 4),(26, 4)	4	0	11.0	11.0	0.0	
150	w_(15, 4)	4	0	3.0	5.0	-2.0	
150	y_(18, 1),(17, 1)	4	0	11.0	11.0	0.0	
150	w_(45, 1)	4	0	5.0	7.0	-2.0	
150	y_(62, 3),(4, 3)	4	0	11.0	11.0	0.0	
150	w_(10, 2)	4	0	5.0	11.0	-6.0	
150	y_(21, 4),(25, 4)	4	0	11.0	11.0	0.0	
150	y_(38, 1),(36, 1)	4	0	11.0	11.0	0.0	
150	w_(58, 3)	4	0	6.0	7.0	-1.0	
150	y_(0, 2),(3, 2)	4	0	1.0	1.0	0.0	
150	w_(30, 3)	4	0	3.0	5.0	-2.0	
150	y_(30, 1),(7, 1)	4	0	11.0	11.0	0.0	
160	y_(8, 1),(30, 1)	4	0	11.0	11.0	0.0	
160	w_(28, 1)	4	0	5.0	5.0	0.0	
160	y_(12, 3),(9, 3)	4	0	11.0	11.0	0.0	
160	y_(19, 1),(18, 1)	4	0	11.0	11.0	0.0	
160	y_(3, 4),(21, 4)	4	0	11.0	11.0	0.0	
160	y_(11, 1),(40, 1)	4	0	11.0	11.0	0.0	
160	y_(18, 1),(19, 1)	4	0	11.0	11.0	0.0	
160	w_(5, 2)	4	0	1.0	1.0	0.0	
160	y_(57, 3),(66, 3)	4	0	11.0	11.0	0.0	
160	y_(8, 2),(15, 2)	4	0	2.0	2.0	0.0	
160	y_(0, 1),(15, 1)	4	0	11.0	11.0	0.0	
160	w_(18, 4)	4	0	7.0	7.0	0.0	
160	y_(7, 1),(28, 1)	4	0	8.0	8.0	0.0	
160	y_(9, 4),(6, 4)	4	0	8.0	8.0	0.0	
160	y_(28, 1),(7, 1)	4	0	8.0	8.0	0.0	
160	w_(24, 3)	4	0	2.0	3.0	-1.0	
160	y_(30, 1),(8, 1)	4	0	11.0	11.0	0.0	
160	y_(9, 3),(12, 3)	4	0	11.0	11.0	0.0	
160	y_(40, 1),(37, 1)	4	0	11.0	11.0	0.0	
160	y_(37, 1),(40, 1)	4	0	11.0	11.0	0.0	
160	w_(5, 1)	4	0	1.0	1.0	0.0	
160	y_(36, 3),(3, 3)	4	0	11.0	11.0	0.0	
160	y_(2, 4),(21, 4)	4	0	11.0	11.0	0.0	
160	y_(23, 3),(45, 3)	4	0	8.0	8.0	0.0	
160	y_(5, 3),(64, 3)	4	0	11.0	11.0	0.0	
160	y_(21, 4),(2, 4)	4	0	11.0	11.0	0.0	
160	w_(6, 3)	4	0	4.0	2.0	2.0	
160	w_(9, 3)	4	0	4.0	4.0	0.0	
160	y_(36, 1),(12, 1)	4	0	7.0	7.0	0.0	
160	y_(28, 1),(21, 1)	4	0	11.0	11.0	0.0	
160	w_(42, 3)	4	0	11.0	11.0	0.0	
160	w_(3, 4)	4	0	3.0	2.0	1.0	
160	y_(4, 2),(10, 2)	4	0	11.0	11.0	0.0	
160	y_(12, 1),(36, 1)	4	0	7.0	7.0	0.0	
160	y_(8, 3),(73, 3)	4	0	11.0	11.0	0.0	
160	y_(73, 3),(8, 3)	4	0	11.0	11.0	0.0	
160	y_(33, 1),(10, 1)	4	0	3.0	3.0	0.0	
160	y_(56, 3),(0, 3)	4	0	11.0	11.0	0.0	
160	y_(10, 1),(33, 1)	4	0	3.0	3.0	0.0	
160	y_(50, 3),(20, 3)	4	0	11.0	11.0	0.0	
160	w_(14, 2)	4	0	7.0	10.0	-3.0	
160	y_(25, 1),(29, 1)	4	0	11.0	11.0	0.0	
160	y_(25, 4),(19, 4)	4	0	11.0	11.0	0.0	
160	y_(17, 1),(15, 1)	4	0	6.0	6.0	0.0	
160	y_(24, 4),(5, 4)	4	0	8.0	8.0	0.0	
160	y_(36, 1),(38, 1)	4	0	11.0	11.0	0.0	
160	y_(10, 2),(4, 2)	4	0	11.0	11.0	0.0	
160	w_(27, 3)	4	0	3.0	2.0	1.0	
160	w_(13, 2)	4	0	2.0	2.0	0.0	
160	y_(53, 3),(2, 3)	4	0	6.0	6.0	0.0	
160	y_(24, 1),(5, 1)	4	0	11.0	11.0	0.0	
160	w_(7, 1)	4	0	5.0	9.0	-4.0	
160	y_(20, 3),(50, 3)	4	0	11.0	11.0	0.0	
160	y_(19, 4),(25, 4)	4	0	11.0	11.0	0.0	
160	y_(6, 3),(67, 3)	4	0	11.0	11.0	0.0	
160	y_(5, 1),(24, 1)	4	0	11.0	11.0	0.0	
160	w_(9, 4)	4	0	1.0	1.0	0.0	
160	y_(0, 2),(5, 2)	4	0	4.0	4.0	0.0	
160	y_(3, 3),(36, 3)	4	0	11.0	11.0	0.0	
160	y_(5, 4),(24, 4)	4	0	8.0	8.0	0.0	
160	y_(20, 1),(19, 1)	4	0	11.0	11.0	0.0	
160	y_(4, 1),(19, 1)	4	0	11.0	11.0	0.0	
160	y_(15, 1),(0, 1)	4	0	11.0	11.0	0.0	
160	y_(5, 2),(0, 2)	4	0	4.0	4.0	0.0	
160	y_(21, 4),(3, 4)	4	0	11.0	11.0	0.0	
160	y_(45, 3),(23, 3)	4	0	8.0	8.0	0.0	
160	w_(12, 2)	4	0	6.0	5.0	1.0	
160	w_(1, 1)	4	0	3.0	4.0	-1.0	
160	y_(2, 3),(53, 3)	4	0	6.0	6.0	0.0	
160	w_(14, 1)	4	0	7.0	6.0	1.0	
160	y_(19, 1),(4, 1)	4	0	11.0	11.0	0.0	
160	y_(4, 1),(26, 1)	4	0	11.0	11.0	0.0	
160	w_(0, 2)	4	0	1.0	1.0	0.0	
160	y_(15, 1),(17, 1)	4	0	6.0	6.0	0.0	
160	w_(48, 3)	4	0	2.0	1.0	1.0	
160	y_(40, 1),(11, 1)	4	0	11.0	11.0	0.0	
160	y_(15, 2),(8, 2)	4	0	2.0	2.0	0.0	
160	y_(64, 3),(5, 3)	4	0	11.0	11.0	0.0	
160	w_(36, 3)	4	0	5.0	5.0	0.0	
160	w_(29, 1)	4	0	6.0	11.0	-5.0	
160	y_(29, 1),(25, 1)	4	0	11.0	11.0	0.0	
160	y_(26, 1),(4, 1)	4	0	11.0	11.0	0.0	
160	w_(1, 4)	4	0	4.0	3.0	1.0	
160	y_(6, 4),(9, 4)	4	0	8.0	8.0	0.0	
160	y_(19, 1),(20, 1)	4	0	11.0	11.0	0.0	
160	y_(0, 3),(56, 3)	4	0	11.0	11.0	0.0	
160	y_(38, 1),(36, 1)	4	0	11.0	11.0	0.0	
160	w_(32, 1)	4	0	5.0	3.0	2.0	
160	y_(67, 3),(6, 3)	4	0	11.0	11.0	0.0	
160	y_(66, 3),(57, 3)	4	0	11.0	11.0	0.0	
160	y_(21, 1),(28, 1)	4	0	11.0	11.0	0.0	
170	y_(11, 1),(48, 1)	4	0	11.0	11.0	0.0	
170	y_(68, 3),(71, 3)	4	0	11.0	11.0	0.0	
170	y_(11, 3),(13, 3)	4	0	11.0	11.0	0.0	
170	y_(17, 1),(18, 1)	4	0	11.0	11.0	0.0	
170	w_(37, 3)	4	0	7.0	8.0	-1.0	
170	w_(28, 1)	4	0	5.0	3.0	2.0	
170	w_(41, 3)	4	0	5.0	3.0	2.0	
170	y_(12, 3),(9, 3)	4	0	11.0	11.0	0.0	
170	w_(25, 3)	4	0	2.0	1.0	1.0	
170	y_(0, 2),(9, 2)	4	0	4.0	4.0	0.0	
170	y_(10, 1),(34, 1)	4	0	11.0	11.0	0.0	
170	w_(44, 1)	4	0	9.0	8.0	1.0	
170	w_(8, 1)	4	0	3.0	3.0	0.0	
170	y_(49, 3),(63, 3)	4	0	10.0	10.0	0.0	
170	y_(3, 1),(25, 1)	4	0	11.0	11.0	0.0	
170	y_(63, 3),(49, 3)	4	0	10.0	10.0	0.0	
170	y_(14, 1),(41, 1)	4	0	9.0	9.0	0.0	
170	y_(40, 1),(13, 1)	4	0	9.0	9.0	0.0	
170	w_(31, 3)	4	0	4.0	6.0	-2.0	
170	w_(26, 1)	4	0	7.0	5.0	2.0	
170	y_(26, 3),(56, 3)	4	0	11.0	11.0	0.0	
170	y_(0, 1),(15, 1)	4	0	11.0	11.0	0.0	
170	y_(36, 1),(32, 1)	4	0	11.0	11.0	0.0	
170	w_(43, 3)	4	0	11.0	11.0	0.0	
170	y_(45, 1),(43, 1)	4	0	8.0	8.0	0.0	
170	y_(36, 3),(34, 3)	4	0	11.0	11.0	0.0	
170	w_(23, 3)	4	0	2.0	1.0	1.0	
170	y_(9, 3),(12, 3)	4	0	11.0	11.0	0.0	
170	y_(72, 3),(73, 3)	4	0	10.0	10.0	0.0	
170	y_(13, 1),(40, 1)	4	0	9.0	9.0	0.0	
170	y_(71, 3),(68, 3)	4	0	11.0	11.0	0.0	
170	y_(4, 3),(62, 3)	4	0	11.0	11.0	0.0	
170	y_(13, 3),(61, 3)	4	0	4.0	4.0	0.0	
170	y_(25, 4),(22, 4)	4	0	11.0	11.0	0.0	
170	y_(2, 4),(21, 4)	4	0	11.0	11.0	0.0	
170	y_(21, 4),(2, 4)	4	0	11.0	11.0	0.0	
170	y_(31, 1),(6, 1)	4	0	11.0	11.0	0.0	
170	w_(9, 3)	4	0	3.0	3.0	0.0	
170	w_(10, 4)	4	0	6.0	5.0	1.0	
170	y_(13, 3),(11, 3)	4	0	11.0	11.0	0.0	
170	y_(46, 1),(44, 1)	4	0	10.0	10.0	0.0	
170	w_(48, 1)	4	0	10.0	9.0	1.0	
170	w_(0, 3)	4	0	5.0	5.0	0.0	
170	y_(32, 1),(36, 1)	4	0	11.0	11.0	0.0	
170	y_(4, 2),(10, 2)	4	0	11.0	11.0	0.0	
170	w_(15, 1)	4	0	7.0	6.0	1.0	
170	w_(65, 3)	4	0	5.0	2.0	3.0	
170	y_(25, 4),(19, 4)	4	0	11.0	11.0	0.0	
170	w_(47, 1)	4	0	11.0	11.0	0.0	
170	y_(57, 3),(38, 3)	4	0	11.0	11.0	0.0	
170	y_(25, 1),(3, 1)	4	0	11.0	11.0	0.0	
170	y_(2, 1),(1, 1)	4	0	11.0	11.0	0.0	
170	y_(10, 2),(4, 2)	4	0	11.0	11.0	0.0	
170	y_(9, 2),(0, 2)	4	0	4.0	4.0	0.0	
170	y_(48, 1),(11, 1)	4	0	11.0	11.0	0.0	
170	w_(45, 3)	4	0	2.0	3.0	-1.0	
170	y_(34, 3),(36, 3)	4	0	11.0	11.0	0.0	
170	w_(2, 2)	4	0	6.0	5.0	1.0	
170	y_(13, 2),(6, 2)	4	0	11.0	11.0	0.0	
170	w_(26, 3)	4	0	1.0	1.0	0.0	
170	y_(32, 3),(30, 3)	4	0	11.0	11.0	0.0	
170	y_(43, 1),(45, 1)	4	0	8.0	8.0	0.0	
170	y_(19, 4),(25, 4)	4	0	11.0	11.0	0.0	
170	y_(73, 3),(72, 3)	4	0	10.0	10.0	0.0	
170	w_(10, 3)	4	0	1.0	1.0	0.0	
170	y_(6, 1),(31, 1)	4	0	11.0	11.0	0.0	
170	w_(9, 4)	4	0	1.0	1.0	0.0	
170	y_(22, 4),(25, 4)	4	0	11.0	11.0	0.0	
170	w_(3, 3)	4	0	3.0	4.0	-1.0	
170	w_(5, 4)	4	0	4.0	2.0	2.0	
170	y_(15, 1),(0, 1)	4	0	11.0	11.0	0.0	
170	w_(21, 1)	4	0	8.0	6.0	2.0	
170	y_(6, 2),(13, 2)	4	0	11.0	11.0	0.0	
170	w_(1, 1)	4	0	7.0	5.0	2.0	
170	w_(14, 1)	4	0	8.0	9.0	-1.0	
170	y_(30, 3),(32, 3)	4	0	11.0	11.0	0.0	
170	y_(2, 1),(20, 1)	4	0	8.0	8.0	0.0	
170	y_(1, 1),(2, 1)	4	0	11.0	11.0	0.0	
170	y_(20, 1),(2, 1)	4	0	8.0	8.0	0.0	
170	y_(38, 3),(57, 3)	4	0	11.0	11.0	0.0	
170	w_(42, 1)	4	0	9.0	7.0	2.0	
170	y_(61, 3),(13, 3)	4	0	4.0	4.0	0.0	
170	y_(56, 3),(26, 3)	4	0	11.0	11.0	0.0	
170	w_(33, 3)	4	0	2.0	2.0	0.0	
170	y_(18, 1),(17, 1)	4	0	11.0	11.0	0.0	
170	w_(36, 3)	4	0	3.0	3.0	0.0	
170	w_(19, 3)	4	0	6.0	5.0	1.0	
170	y_(62, 3),(4, 3)	4	0	11.0	11.0	0.0	
170	w_(8, 4)	4	0	1.0	1.0	0.0	
170	y_(34, 1),(10, 1)	4	0	11.0	11.0	0.0	
170	y_(44, 1),(46, 1)	4	0	10.0	10.0	0.0	
170	y_(41, 1),(14, 1)	4	0	9.0	9.0	0.0	
170	w_(71, 3)	4	0	6.0	11.0	-5.0	
180	y_(39, 3),(69, 3)	4	0	11.0	11.0	0.0	
180	y_(3, 1),(0, 1)	4	0	11.0	11.0	0.0	
180	y_(19, 3),(21, 3)	4	0	9.0	9.0	0.0	
180	y_(7, 2),(13, 2)	4	0	4.0	4.0	0.0	
180	w_(12, 4)	4	0	5.0	6.0	-1.0	
180	y_(19, 1),(18, 1)	4	0	11.0	11.0	0.0	
180	w_(20, 4)	4	0	4.0	4.0	0.0	
180	y_(4, 3),(20, 3)	4	0	11.0	11.0	0.0	
180	y_(18, 1),(19, 1)	4	0	11.0	11.0	0.0	
180	y_(2, 2),(11, 2)	4	0	7.0	7.0	0.0	
180	y_(0, 1),(3, 1)	4	0	11.0	11.0	0.0	
180	y_(3, 3),(35, 3)	4	0	8.0	8.0	0.0	
180	y_(25, 1),(23, 1)	4	0	11.0	11.0	0.0	
180	y_(57, 3),(66, 3)	4	0	11.0	11.0	0.0	
180	w_(21, 3)	4	0	2.0	4.0	-2.0	
180	y_(40, 1),(13, 1)	4	0	11.0	11.0	0.0	
180	y_(20, 3),(4, 3)	4	0	11.0	11.0	0.0	
180	y_(31, 3),(32, 3)	4	0	11.0	11.0	0.0	
180	w_(69, 3)	4	0	11.0	11.0	0.0	
180	w_(50, 3)	4	0	3.0	4.0	-1.0	
180	w_(18, 4)	4	0	10.0	11.0	-1.0	
180	w_(15, 2)	4	0	4.0	3.0	1.0	
180	y_(34, 1),(8, 1)	4	0	11.0	11.0	0.0	
180	y_(68, 3),(45, 3)	4	0	11.0	11.0	0.0	
180	y_(13, 1),(40, 1)	4	0	11.0	11.0	0.0	
180	y_(12, 3),(60, 3)	4	0	11.0	11.0	0.0	
180	w_(39, 3)	4	0	7.0	9.0	-2.0	
180	y_(32, 3),(31, 3)	4	0	11.0	11.0	0.0	
180	y_(36, 3),(3, 3)	4	0	9.0	9.0	0.0	
180	y_(2, 4),(21, 4)	4	0	11.0	11.0	0.0	
180	y_(46, 3),(4, 3)	4	0	6.0	6.0	0.0	
180	w_(34, 3)	4	0	8.0	11.0	-3.0	
180	y_(21, 4),(2, 4)	4	0	11.0	11.0	0.0	
180	y_(46, 1),(44, 1)	4	0	11.0	11.0	0.0	
180	y_(5, 2),(1, 2)	4	0	1.0	1.0	0.0	
180	y_(4, 2),(10, 2)	4	0	11.0	11.0	0.0	
180	y_(69, 3),(39, 3)	4	0	11.0	11.0	0.0	
180	w_(15, 1)	4	0	5.0	11.0	-6.0	
180	w_(13, 1)	4	0	10.0	11.0	-1.0	
180	y_(16, 1),(0, 1)	4	0	7.0	7.0	0.0	
180	y_(33, 1),(10, 1)	4	0	11.0	11.0	0.0	
180	w_(59, 3)	4	0	6.0	4.0	2.0	
180	y_(26, 1),(5, 1)	4	0	11.0	11.0	0.0	
180	y_(56, 3),(0, 3)	4	0	11.0	11.0	0.0	
180	y_(10, 1),(33, 1)	4	0	11.0	11.0	0.0	
180	y_(53, 3),(52, 3)	4	0	11.0	11.0	0.0	
180	y_(25, 1),(29, 1)	4	0	11.0	11.0	0.0	
180	y_(25, 4),(19, 4)	4	0	11.0	11.0	0.0	
180	y_(44, 1),(42, 1)	4	0	11.0	11.0	0.0	
180	y_(7, 2),(8, 2)	4	0	4.0	4.0	0.0	
180	y_(1, 2),(5, 2)	4	0	1.0	1.0	0.0	
180	w_(9, 1)	4	0	3.0	4.0	-1.0	
180	y_(29, 1),(9, 1)	4	0	11.0	11.0	0.0	
180	w_(44, 3)	4	0	11.0	7.0	4.0	
180	y_(24, 4),(5, 4)	4	0	11.0	11.0	0.0	
180	y_(21, 3),(19, 3)	4	0	9.0	9.0	0.0	
180	w_(24, 4)	4	0	11.0	11.0	0.0	
180	y_(10, 2),(4, 2)	4	0	11.0	11.0	0.0	
180	y_(45, 3),(68, 3)	4	0	11.0	11.0	0.0	
180	w_(27, 3)	4	0	5.0	7.0	-2.0	
180	y_(69, 3),(70, 3)	4	0	11.0	11.0	0.0	
180	y_(9, 1),(29, 1)	4	0	11.0	11.0	0.0	
180	y_(4, 3),(46, 3)	4	0	6.0	6.0	0.0	
180	y_(13, 2),(6, 2)	4	0	11.0	11.0	0.0	
180	y_(1, 1),(19, 1)	4	0	11.0	11.0	0.0	
180	w_(0, 1)	4	0	7.0	10.0	-3.0	
180	y_(19, 4),(25, 4)	4	0	11.0	11.0	0.0	
180	w_(64, 3)	4	0	6.0	11.0	-5.0	
180	y_(6, 3),(67, 3)	4	0	11.0	11.0	0.0	
180	w_(66, 3)	4	0	9.0	11.0	-2.0	
180	w_(10, 3)	4	0	1.0	5.0	-4.0	
180	y_(52, 3),(53, 3)	4	0	11.0	11.0	0.0	
180	w_(23, 1)	4	0	8.0	11.0	-3.0	
180	w_(28, 3)	4	0	1.0	4.0	-3.0	
180	y_(22, 1),(5, 1)	4	0	11.0	11.0	0.0	
180	y_(5, 1),(22, 1)	4	0	11.0	11.0	0.0	
180	y_(3, 3),(36, 3)	4	0	9.0	9.0	0.0	
180	y_(5, 4),(24, 4)	4	0	11.0	11.0	0.0	
180	y_(35, 3),(3, 3)	4	0	8.0	8.0	0.0	
180	y_(0, 1),(16, 1)	4	0	7.0	7.0	0.0	
180	y_(67, 3),(69, 3)	4	0	11.0	11.0	0.0	
180	w_(3, 3)	4	0	3.0	3.0	0.0	
180	y_(8, 2),(7, 2)	4	0	4.0	4.0	0.0	
180	y_(69, 3),(67, 3)	4	0	11.0	11.0	0.0	
180	y_(13, 2),(7, 2)	4	0	4.0	4.0	0.0	
180	y_(6, 2),(13, 2)	4	0	11.0	11.0	0.0	
180	y_(20, 4),(9, 4)	4	0	10.0	10.0	0.0	
180	w_(20, 1)	4	0	10.0	11.0	-1.0	
180	w_(23, 4)	4	0	11.0	11.0	0.0	
180	y_(19, 1),(1, 1)	4	0	11.0	11.0	0.0	
180	y_(23, 1),(25, 1)	4	0	11.0	11.0	0.0	
180	y_(3, 2),(0, 2)	4	0	2.0	2.0	0.0	
180	w_(48, 3)	4	0	2.0	5.0	-3.0	
180	y_(8, 1),(34, 1)	4	0	11.0	11.0	0.0	
180	y_(9, 4),(20, 4)	4	0	10.0	10.0	0.0	
180	w_(15, 4)	4	0	1.0	6.0	-5.0	
180	y_(29, 1),(25, 1)	4	0	11.0	11.0	0.0	
180	w_(19, 3)	4	0	9.0	10.0	-1.0	
180	y_(42, 1),(44, 1)	4	0	11.0	11.0	0.0	
180	y_(60, 3),(12, 3)	4	0	11.0	11.0	0.0	
180	w_(32, 3)	4	0	2.0	6.0	-4.0	
180	y_(70, 3),(69, 3)	4	0	11.0	11.0	0.0	
180	y_(44, 1),(46, 1)	4	0	11.0	11.0	0.0	
180	y_(0, 3),(56, 3)	4	0	11.0	11.0	0.0	
180	y_(11, 2),(2, 2)	4	0	7.0	7.0	0.0	
180	w_(40, 3)	4	0	8.0	9.0	-1.0	
180	y_(5, 1),(26, 1)	4	0	11.0	11.0	0.0	
180	w_(21, 4)	4	0	6.0	7.0	-1.0	
180	y_(33, 3),(35, 3)	4	0	11.0	11.0	0.0	
180	w_(7, 4)	4	0	5.0	7.0	-2.0	
180	y_(67, 3),(6, 3)	4	0	11.0	11.0	0.0	
180	y_(35, 3),(33, 3)	4	0	11.0	11.0	0.0	
180	y_(0, 2),(3, 2)	4	0	2.0	2.0	0.0	
180	w_(30, 3)	4	0	3.0	6.0	-3.0	
180	y_(66, 3),(57, 3)	4	0	11.0	11.0	0.0	
180	w_(71, 3)	4	0	11.0	7.0	4.0	
190	y_(4, 2),(5, 2)	4	0	2.0	2.0	0.0	
190	y_(17, 1),(18, 1)	4	0	11.0	11.0	0.0	
190	y_(1, 3),(31, 3)	4	0	11.0	11.0	0.0	
190	y_(24, 3),(67, 3)	4	0	11.0	11.0	0.0	
190	y_(59, 3),(14, 3)	4	0	11.0	11.0	0.0	
190	w_(12, 4)	4	0	4.0	6.0	-2.0	
190	y_(0, 2),(9, 2)	4	0	8.0	8.0	0.0	
190	y_(5, 3),(65, 3)	4	0	3.0	3.0	0.0	
190	y_(47, 3),(74, 3)	4	0	9.0	9.0	0.0	
190	y_(26, 4),(19, 4)	4	0	11.0	11.0	0.0	
190	y_(60, 3),(1, 3)	4	0	6.0	6.0	0.0	
190	y_(27, 1),(25, 1)	4	0	11.0	11.0	0.0	
190	y_(3, 3),(35, 3)	4	0	11.0	11.0	0.0	
190	y_(24, 1),(3, 1)	4	0	11.0	11.0	0.0	
190	w_(5, 2)	4	0	1.0	1.0	0.0	
190	y_(25, 1),(23, 1)	4	0	11.0	11.0	0.0	
190	y_(67, 3),(24, 3)	4	0	11.0	11.0	0.0	
190	y_(13, 1),(48, 1)	4	0	11.0	11.0	0.0	
190	y_(57, 3),(66, 3)	4	0	11.0	11.0	0.0	
190	y_(8, 2),(15, 2)	4	0	2.0	2.0	0.0	
190	w_(31, 3)	4	0	6.0	1.0	5.0	
190	y_(5, 1),(17, 1)	4	0	11.0	11.0	0.0	
190	w_(14, 3)	4	0	3.0	11.0	-8.0	
190	y_(26, 3),(56, 3)	4	0	11.0	11.0	0.0	
190	w_(10, 1)	4	0	10.0	3.0	7.0	
190	y_(54, 3),(65, 3)	4	0	11.0	11.0	0.0	
190	w_(50, 3)	4	0	5.0	7.0	-2.0	
190	w_(16, 1)	4	0	7.0	8.0	-1.0	
190	w_(23, 3)	4	0	1.0	1.0	0.0	
190	y_(3, 1),(24, 1)	4	0	11.0	11.0	0.0	
190	y_(26, 3),(9, 3)	4	0	11.0	11.0	0.0	
190	w_(24, 3)	4	0	2.0	4.0	-2.0	
190	y_(47, 1),(45, 1)	4	0	11.0	11.0	0.0	
190	y_(4, 3),(62, 3)	4	0	9.0	9.0	0.0	
190	w_(46, 3)	4	0	7.0	6.0	1.0	
190	y_(36, 3),(3, 3)	4	0	5.0	5.0	0.0	
190	y_(7, 4),(8, 4)	4	0	5.0	5.0	0.0	
190	y_(29, 1),(6, 1)	4	0	11.0	11.0	0.0	
190	y_(18, 1),(22, 1)	4	0	11.0	11.0	0.0	
190	w_(53, 3)	4	0	11.0	8.0	3.0	
190	w_(1, 3)	4	0	1.0	3.0	-2.0	
190	y_(1, 3),(60, 3)	4	0	6.0	6.0	0.0	
190	y_(5, 3),(64, 3)	4	0	11.0	11.0	0.0	
190	y_(51, 3),(0, 3)	4	0	11.0	11.0	0.0	
190	w_(70, 3)	4	0	11.0	11.0	0.0	
190	w_(60, 3)	4	0	6.0	10.0	-4.0	
190	w_(9, 2)	4	0	8.0	6.0	2.0	
190	y_(6, 2),(11, 2)	4	0	11.0	11.0	0.0	
190	w_(0, 3)	4	0	9.0	11.0	-2.0	
190	w_(68, 3)	4	0	11.0	11.0	0.0	
190	y_(19, 4),(20, 4)	4	0	11.0	11.0	0.0	
190	w_(35, 3)	4	0	5.0	3.0	2.0	
190	y_(18, 4),(11, 4)	4	0	11.0	11.0	0.0	
190	y_(63, 3),(62, 3)	4	0	11.0	11.0	0.0	
190	y_(4, 2),(10, 2)	4	0	11.0	11.0	0.0	
190	y_(25, 1),(27, 1)	4	0	11.0	11.0	0.0	
190	y_(33, 1),(10, 1)	4	0	11.0	11.0	0.0	
190	y_(40, 3),(57, 3)	4	0	8.0	8.0	0.0	
190	w_(59, 3)	4	0	7.0	11.0	-4.0	
190	w_(17, 3)	4	0	11.0	11.0	0.0	
190	w_(12, 3)	4	0	6.0	9.0	-3.0	
190	y_(12, 1),(44, 1)	4	0	11.0	11.0	0.0	
190	y_(37, 1),(11, 1)	4	0	11.0	11.0	0.0	
190	y_(10, 1),(33, 1)	4	0	11.0	11.0	0.0	
190	y_(50, 3),(20, 3)	4	0	11.0	11.0	0.0	
190	w_(14, 2)	4	0	11.0	11.0	0.0	
190	y_(9, 1),(8, 1)	4	0	11.0	11.0	0.0	
190	y_(35, 1),(31, 1)	4	0	10.0	10.0	0.0	
190	y_(14, 3),(59, 3)	4	0	11.0	11.0	0.0	
190	y_(12, 4),(13, 4)	4	0	11.0	11.0	0.0	
190	y_(22, 1),(18, 1)	4	0	11.0	11.0	0.0	
190	y_(29, 1),(9, 1)	4	0	11.0	11.0	0.0	
190	w_(44, 3)	4	0	11.0	11.0	0.0	
190	y_(10, 2),(4, 2)	4	0	11.0	11.0	0.0	
190	y_(9, 2),(0, 2)	4	0	8.0	8.0	0.0	
190	w_(17, 4)	4	0	11.0	11.0	0.0	
190	y_(9, 1),(29, 1)	4	0	11.0	11.0	0.0	
190	y_(48, 1),(13, 1)	4	0	11.0	11.0	0.0	
190	y_(8, 1),(9, 1)	4	0	11.0	11.0	0.0	
190	y_(65, 3),(54, 3)	4	0	11.0	11.0	0.0	
190	w_(7, 1)	4	0	4.0	7.0	-3.0	
190	y_(20, 3),(50, 3)	4	0	11.0	11.0	0.0	
190	y_(0, 3),(51, 3)	4	0	11.0	11.0	0.0	
190	y_(12, 2),(11, 2)	4	0	11.0	11.0	0.0	
190	y_(45, 1),(47, 1)	4	0	11.0	11.0	0.0	
190	w_(25, 1)	4	0	10.0	11.0	-1.0	
190	y_(62, 3),(63, 3)	4	0	11.0	11.0	0.0	
190	w_(9, 4)	4	0	1.0	1.0	0.0	
190	w_(16, 4)	4	0	9.0	11.0	-2.0	
190	y_(3, 3),(36, 3)	4	0	5.0	5.0	0.0	
190	y_(35, 3),(3, 3)	4	0	11.0	11.0	0.0	
190	y_(20, 1),(19, 1)	4	0	11.0	11.0	0.0	
190	y_(11, 2),(12, 2)	4	0	11.0	11.0	0.0	
190	y_(42, 1),(43, 1)	4	0	11.0	11.0	0.0	
190	w_(3, 3)	4	0	4.0	1.0	3.0	
190	y_(57, 3),(40, 3)	4	0	8.0	8.0	0.0	
190	w_(43, 1)	4	0	11.0	11.0	0.0	
190	w_(12, 2)	4	0	11.0	11.0	0.0	
190	y_(31, 3),(1, 3)	4	0	11.0	11.0	0.0	
190	y_(65, 3),(5, 3)	4	0	3.0	3.0	0.0	
190	w_(20, 1)	4	0	11.0	11.0	0.0	
190	y_(8, 4),(7, 4)	4	0	5.0	5.0	0.0	
190	y_(55, 3),(39, 3)	4	0	11.0	11.0	0.0	
190	y_(6, 1),(29, 1)	4	0	11.0	11.0	0.0	
190	y_(23, 1),(25, 1)	4	0	11.0	11.0	0.0	
190	w_(4, 4)	4	0	2.0	5.0	-3.0	
190	y_(13, 4),(12, 4)	4	0	11.0	11.0	0.0	
190	y_(11, 4),(18, 4)	4	0	11.0	11.0	0.0	
190	y_(11, 1),(37, 1)	4	0	11.0	11.0	0.0	
190	y_(72, 3),(70, 3)	4	0	11.0	11.0	0.0	
190	y_(20, 4),(19, 4)	4	0	11.0	11.0	0.0	
190	y_(15, 2),(8, 2)	4	0	2.0	2.0	0.0	
190	w_(42, 1)	4	0	11.0	11.0	0.0	
190	y_(56, 3),(26, 3)	4	0	11.0	11.0	0.0	
190	y_(31, 1),(35, 1)	4	0	10.0	10.0	0.0	
190	y_(64, 3),(5, 3)	4	0	11.0	11.0	0.0	
190	y_(43, 1),(42, 1)	4	0	11.0	11.0	0.0	
190	y_(17, 1),(5, 1)	4	0	11.0	11.0	0.0	
190	w_(22, 3)	4	0	4.0	6.0	-2.0	
190	y_(18, 1),(17, 1)	4	0	11.0	11.0	0.0	
190	w_(13, 3)	4	0	3.0	1.0	2.0	
190	w_(29, 1)	4	0	10.0	11.0	-1.0	
190	y_(19, 4),(26, 4)	4	0	11.0	11.0	0.0	
190	y_(24, 4),(23, 4)	4	0	11.0	11.0	0.0	
190	y_(39, 3),(55, 3)	4	0	11.0	11.0	0.0	
190	y_(62, 3),(4, 3)	4	0	9.0	9.0	0.0	
190	y_(11, 2),(6, 2)	4	0	11.0	11.0	0.0	
190	w_(1, 4)	4	0	8.0	11.0	-3.0	
190	y_(19, 1),(20, 1)	4	0	11.0	11.0	0.0	
190	y_(23, 4),(24, 4)	4	0	11.0	11.0	0.0	
190	y_(44, 1),(12, 1)	4	0	11.0	11.0	0.0	
190	w_(21, 4)	4	0	7.0	6.0	1.0	
190	y_(9, 3),(26, 3)	4	0	11.0	11.0	0.0	
190	y_(74, 3),(47, 3)	4	0	9.0	9.0	0.0	
190	w_(11, 4)	4	0	3.0	4.0	-1.0	
190	y_(5, 2),(4, 2)	4	0	2.0	2.0	0.0	
190	y_(66, 3),(57, 3)	4	0	11.0	11.0	0.0	
190	y_(70, 3),(72, 3)	4	0	11.0	11.0	0.0	
200	w_(74, 3)	4	0	7.0	7.0	0.0	
200	y_(11, 1),(48, 1)	4	0	11.0	11.0	0.0	
200	y_(3, 1),(0, 1)	4	0	11.0	11.0	0.0	
200	y_(15, 4),(14, 4)	4	0	11.0	11.0	0.0	
200	y_(24, 3),(67, 3)	4	0	11.0	11.0	0.0	
200	y_(11, 4),(2, 4)	4	0	11.0	11.0	0.0	
200	y_(7, 2),(13, 2)	4	0	3.0	3.0	0.0	
200	w_(12, 4)	4	0	4.0	5.0	-1.0	
200	y_(12, 3),(9, 3)	4	0	11.0	11.0	0.0	
200	w_(25, 3)	4	0	2.0	6.0	-4.0	
200	w_(44, 1)	4	0	10.0	11.0	-1.0	
200	w_(8, 1)	4	0	1.0	9.0	-8.0	
200	y_(0, 1),(3, 1)	4	0	11.0	11.0	0.0	
200	y_(67, 3),(24, 3)	4	0	11.0	11.0	0.0	
200	y_(60, 3),(58, 3)	4	0	11.0	11.0	0.0	
200	y_(40, 1),(13, 1)	4	0	10.0	10.0	0.0	
200	y_(70, 3),(71, 3)	4	0	11.0	11.0	0.0	
200	y_(38, 3),(3, 3)	4	0	11.0	11.0	0.0	
200	w_(14, 3)	4	0	6.0	7.0	-1.0	
200	y_(26, 3),(56, 3)	4	0	11.0	11.0	0.0	
200	y_(33, 1),(7, 1)	4	0	11.0	11.0	0.0	
200	w_(23, 3)	4	0	1.0	3.0	-2.0	
200	w_(47, 3)	4	0	7.0	10.0	-3.0	
200	y_(59, 3),(15, 3)	4	0	11.0	11.0	0.0	
200	y_(7, 1),(33, 1)	4	0	11.0	11.0	0.0	
200	y_(34, 1),(8, 1)	4	0	11.0	11.0	0.0	
200	y_(9, 3),(12, 3)	4	0	11.0	11.0	0.0	
200	y_(13, 1),(40, 1)	4	0	10.0	10.0	0.0	
200	y_(47, 1),(45, 1)	4	0	11.0	11.0	0.0	
200	y_(10, 4),(15, 4)	4	0	4.0	4.0	0.0	
200	y_(59, 3),(27, 3)	4	0	6.0	6.0	0.0	
200	y_(29, 1),(6, 1)	4	0	11.0	11.0	0.0	
200	w_(1, 3)	4	0	1.0	2.0	-1.0	
200	y_(25, 4),(22, 4)	4	0	11.0	11.0	0.0	
200	w_(52, 3)	4	0	11.0	11.0	0.0	
200	y_(26, 4),(4, 4)	4	0	11.0	11.0	0.0	
200	y_(28, 1),(21, 1)	4	0	11.0	11.0	0.0	
200	y_(45, 1),(14, 1)	4	0	9.0	9.0	0.0	
200	y_(65, 3),(21, 3)	4	0	4.0	4.0	0.0	
200	y_(40, 3),(57, 3)	4	0	8.0	8.0	0.0	
200	y_(14, 2),(13, 2)	4	0	9.0	9.0	0.0	
200	w_(12, 3)	4	0	3.0	10.0	-7.0	
200	y_(15, 3),(59, 3)	4	0	11.0	11.0	0.0	
200	y_(53, 3),(52, 3)	4	0	11.0	11.0	0.0	
200	y_(1, 3),(61, 3)	4	0	11.0	11.0	0.0	
200	y_(10, 1),(30, 1)	4	0	11.0	11.0	0.0	
200	y_(17, 1),(15, 1)	4	0	11.0	11.0	0.0	
200	w_(47, 1)	4	0	11.0	11.0	0.0	
200	y_(61, 3),(1, 3)	4	0	11.0	11.0	0.0	
200	y_(2, 1),(1, 1)	4	0	11.0	11.0	0.0	
200	w_(44, 3)	4	0	10.0	10.0	0.0	
200	y_(24, 4),(5, 4)	4	0	11.0	11.0	0.0	
200	y_(27, 3),(59, 3)	4	0	6.0	6.0	0.0	
200	y_(48, 1),(11, 1)	4	0	11.0	11.0	0.0	
200	w_(27, 3)	4	0	6.0	11.0	-5.0	
200	w_(45, 3)	4	0	4.0	5.0	-1.0	
200	y_(5, 3),(24, 3)	4	0	5.0	5.0	0.0	
200	w_(13, 2)	4	0	3.0	4.0	-1.0	
200	y_(30, 1),(10, 1)	4	0	11.0	11.0	0.0	
200	w_(2, 2)	4	0	7.0	11.0	-4.0	
200	y_(12, 4),(11, 4)	4	0	11.0	11.0	0.0	
200	w_(26, 3)	4	0	2.0	1.0	1.0	
200	y_(3, 3),(38, 3)	4	0	11.0	11.0	0.0	
200	w_(64, 3)	4	0	11.0	11.0	0.0	
200	y_(6, 3),(67, 3)	4	0	11.0	11.0	0.0	
200	y_(45, 1),(47, 1)	4	0	11.0	11.0	0.0	
200	y_(52, 3),(53, 3)	4	0	11.0	11.0	0.0	
200	y_(11, 4),(12, 4)	4	0	11.0	11.0	0.0	
200	w_(23, 1)	4	0	8.0	11.0	-3.0	
200	w_(28, 3)	4	0	3.0	9.0	-6.0	
200	y_(19, 4),(18, 4)	4	0	11.0	11.0	0.0	
200	y_(22, 4),(25, 4)	4	0	11.0	11.0	0.0	
200	y_(22, 1),(5, 1)	4	0	11.0	11.0	0.0	
200	y_(71, 3),(70, 3)	4	0	11.0	11.0	0.0	
200	y_(5, 1),(22, 1)	4	0	11.0	11.0	0.0	
200	y_(5, 4),(24, 4)	4	0	11.0	11.0	0.0	
200	y_(37, 3),(31, 3)	4	0	5.0	5.0	0.0	
200	y_(58, 3),(60, 3)	4	0	11.0	11.0	0.0	
200	y_(4, 3),(74, 3)	4	0	11.0	11.0	0.0	
200	y_(18, 4),(19, 4)	4	0	11.0	11.0	0.0	
200	y_(57, 3),(40, 3)	4	0	8.0	8.0	0.0	
200	y_(30, 1),(5, 1)	4	0	11.0	11.0	0.0	
200	w_(46, 1)	4	0	10.0	11.0	-1.0	
200	y_(10, 2),(5, 2)	4	0	11.0	11.0	0.0	
200	y_(13, 2),(7, 2)	4	0	3.0	3.0	0.0	
200	w_(1, 1)	4	0	6.0	11.0	-5.0	
200	w_(14, 1)	4	0	9.0	11.0	-2.0	
200	y_(15, 4),(10, 4)	4	0	4.0	4.0	0.0	
200	y_(74, 3),(4, 3)	4	0	11.0	11.0	0.0	
200	y_(4, 4),(26, 4)	4	0	11.0	11.0	0.0	
200	y_(6, 1),(29, 1)	4	0	11.0	11.0	0.0	
200	y_(14, 1),(45, 1)	4	0	9.0	9.0	0.0	
200	y_(2, 1),(20, 1)	4	0	8.0	8.0	0.0	
200	y_(1, 1),(2, 1)	4	0	11.0	11.0	0.0	
200	y_(24, 3),(5, 3)	4	0	5.0	5.0	0.0	
200	y_(3, 2),(0, 2)	4	0	2.0	2.0	0.0	
200	y_(15, 1),(17, 1)	4	0	11.0	11.0	0.0	
200	y_(20, 1),(2, 1)	4	0	8.0	8.0	0.0	
200	y_(8, 1),(34, 1)	4	0	11.0	11.0	0.0	
200	y_(56, 3),(26, 3)	4	0	11.0	11.0	0.0	
200	y_(13, 2),(14, 2)	4	0	9.0	9.0	0.0	
200	y_(21, 3),(65, 3)	4	0	4.0	4.0	0.0	
200	w_(56, 3)	4	0	11.0	11.0	0.0	
200	y_(31, 3),(37, 3)	4	0	5.0	5.0	0.0	
200	y_(14, 4),(15, 4)	4	0	11.0	11.0	0.0	
200	w_(13, 3)	4	0	2.0	1.0	1.0	
200	w_(29, 1)	4	0	7.0	10.0	-3.0	
200	y_(5, 2),(10, 2)	4	0	11.0	11.0	0.0	
200	w_(45, 1)	4	0	9.0	11.0	-2.0	
200	y_(2, 4),(11, 4)	4	0	11.0	11.0	0.0	
200	w_(8, 4)	4	0	1.0	1.0	0.0	
200	w_(40, 3)	4	0	8.0	11.0	-3.0	
200	y_(5, 1),(30, 1)	4	0	11.0	11.0	0.0	
200	w_(27, 1)	4	0	5.0	10.0	-5.0	
200	y_(33, 3),(35, 3)	4	0	5.0	5.0	0.0	
200	y_(67, 3),(6, 3)	4	0	11.0	11.0	0.0	
200	y_(35, 3),(33, 3)	4	0	5.0	5.0	0.0	
200	y_(0, 2),(3, 2)	4	0	2.0	2.0	0.0	
200	y_(21, 1),(28, 1)	4	0	11.0	11.0	0.0	
210	w_(74, 3)	4	0	2.0	9.0	-7.0	
210	y_(11, 1),(48, 1)	4	0	11.0	11.0	0.0	
210	y_(68, 3),(71, 3)	4	0	9.0	9.0	0.0	
210	y_(8, 1),(27, 1)	4	0	11.0	11.0	0.0	
210	y_(24, 3),(67, 3)	4	0	11.0	11.0	0.0	
210	y_(7, 2),(13, 2)	4	0	2.0	2.0	0.0	
210	y_(0, 4),(21, 4)	4	0	8.0	8.0	0.0	
210	y_(0, 2),(9, 2)	4	0	3.0	3.0	0.0	
210	y_(10, 1),(34, 1)	4	0	11.0	11.0	0.0	
210	y_(4, 4),(5, 4)	4	0	3.0	3.0	0.0	
210	y_(47, 3),(74, 3)	4	0	5.0	5.0	0.0	
210	y_(9, 3),(10, 3)	4	0	11.0	11.0	0.0	
210	y_(48, 3),(5, 3)	4	0	4.0	4.0	0.0	
210	y_(25, 1),(23, 1)	4	0	11.0	11.0	0.0	
210	y_(10, 3),(9, 3)	4	0	11.0	11.0	0.0	
210	y_(67, 3),(24, 3)	4	0	11.0	11.0	0.0	
210	y_(13, 1),(48, 1)	4	0	11.0	11.0	0.0	
210	y_(14, 1),(41, 1)	4	0	11.0	11.0	0.0	
210	y_(45, 1),(44, 1)	4	0	11.0	11.0	0.0	
210	y_(40, 1),(13, 1)	4	0	11.0	11.0	0.0	
210	y_(70, 3),(71, 3)	4	0	11.0	11.0	0.0	
210	y_(5, 1),(17, 1)	4	0	11.0	11.0	0.0	
210	w_(14, 3)	4	0	6.0	6.0	0.0	
210	y_(18, 3),(52, 3)	4	0	11.0	11.0	0.0	
210	w_(69, 3)	4	0	11.0	11.0	0.0	
210	y_(36, 3),(34, 3)	4	0	11.0	11.0	0.0	
210	w_(18, 4)	4	0	11.0	11.0	0.0	
210	y_(7, 1),(28, 1)	4	0	11.0	11.0	0.0	
210	y_(28, 1),(7, 1)	4	0	11.0	11.0	0.0	
210	y_(72, 3),(73, 3)	4	0	11.0	11.0	0.0	
210	y_(13, 1),(40, 1)	4	0	11.0	11.0	0.0	
210	y_(47, 1),(45, 1)	4	0	11.0	11.0	0.0	
210	y_(10, 4),(15, 4)	4	0	6.0	6.0	0.0	
210	y_(71, 3),(68, 3)	4	0	9.0	9.0	0.0	
210	y_(4, 3),(62, 3)	4	0	4.0	4.0	0.0	
210	y_(17, 4),(16, 4)	4	0	11.0	11.0	0.0	
210	y_(59, 3),(27, 3)	4	0	9.0	9.0	0.0	
210	w_(40, 1)	4	0	11.0	11.0	0.0	
210	y_(13, 3),(61, 3)	4	0	11.0	11.0	0.0	
210	y_(25, 3),(72, 3)	4	0	11.0	11.0	0.0	
210	w_(7, 2)	4	0	2.0	2.0	0.0	
210	y_(5, 3),(64, 3)	4	0	11.0	11.0	0.0	
210	w_(34, 3)	4	0	8.0	11.0	-3.0	
210	y_(51, 3),(0, 3)	4	0	11.0	11.0	0.0	
210	y_(52, 3),(18, 3)	4	0	11.0	11.0	0.0	
210	w_(60, 3)	4	0	11.0	9.0	2.0	
210	y_(5, 2),(1, 2)	4	0	1.0	1.0	0.0	
210	y_(19, 4),(20, 4)	4	0	11.0	11.0	0.0	
210	y_(63, 3),(62, 3)	4	0	11.0	11.0	0.0	
210	w_(3, 4)	4	0	3.0	5.0	-2.0	
210	y_(4, 2),(10, 2)	4	0	11.0	11.0	0.0	
210	y_(23, 1),(6, 1)	4	0	11.0	11.0	0.0	
210	y_(52, 3),(51, 3)	4	0	11.0	11.0	0.0	
210	w_(36, 1)	4	0	11.0	11.0	0.0	
210	y_(16, 1),(0, 1)	4	0	7.0	7.0	0.0	
210	y_(40, 3),(57, 3)	4	0	10.0	10.0	0.0	
210	w_(59, 3)	4	0	9.0	8.0	1.0	
210	y_(44, 1),(45, 1)	4	0	11.0	11.0	0.0	
210	y_(14, 2),(13, 2)	4	0	11.0	11.0	0.0	
210	w_(12, 3)	4	0	2.0	10.0	-8.0	
210	w_(0, 4)	4	0	8.0	10.0	-2.0	
210	y_(37, 1),(11, 1)	4	0	11.0	11.0	0.0	
210	y_(56, 3),(0, 3)	4	0	10.0	10.0	0.0	
210	y_(35, 1),(31, 1)	4	0	7.0	7.0	0.0	
210	y_(25, 4),(19, 4)	4	0	11.0	11.0	0.0	
210	y_(10, 1),(30, 1)	4	0	11.0	11.0	0.0	
210	y_(1, 2),(5, 2)	4	0	1.0	1.0	0.0	
210	w_(18, 3)	4	0	1.0	1.0	0.0	
210	y_(29, 1),(9, 1)	4	0	11.0	11.0	0.0	
210	y_(16, 4),(17, 4)	4	0	11.0	11.0	0.0	
210	y_(24, 4),(5, 4)	4	0	11.0	11.0	0.0	
210	w_(24, 4)	4	0	11.0	11.0	0.0	
210	y_(10, 2),(4, 2)	4	0	11.0	11.0	0.0	
210	y_(27, 3),(59, 3)	4	0	9.0	9.0	0.0	
210	y_(9, 2),(0, 2)	4	0	3.0	3.0	0.0	
210	y_(48, 1),(11, 1)	4	0	11.0	11.0	0.0	
210	y_(9, 1),(29, 1)	4	0	11.0	11.0	0.0	
210	y_(34, 3),(36, 3)	4	0	11.0	11.0	0.0	
210	y_(71, 3),(73, 3)	4	0	11.0	11.0	0.0	
210	y_(30, 1),(10, 1)	4	0	11.0	11.0	0.0	
210	y_(48, 1),(13, 1)	4	0	11.0	11.0	0.0	
210	w_(2, 2)	4	0	8.0	11.0	-3.0	
210	y_(12, 4),(11, 4)	4	0	11.0	11.0	0.0	
210	y_(24, 1),(5, 1)	4	0	11.0	11.0	0.0	
210	y_(1, 1),(19, 1)	4	0	11.0	11.0	0.0	
210	w_(7, 1)	4	0	5.0	4.0	1.0	
210	w_(0, 1)	4	0	7.0	4.0	3.0	
210	y_(21, 4),(0, 4)	4	0	8.0	8.0	0.0	
210	y_(32, 3),(30, 3)	4	0	5.0	5.0	0.0	
210	y_(0, 3),(51, 3)	4	0	11.0	11.0	0.0	
210	y_(19, 4),(25, 4)	4	0	11.0	11.0	0.0	
210	y_(5, 3),(48, 3)	4	0	4.0	4.0	0.0	
210	y_(73, 3),(72, 3)	4	0	11.0	11.0	0.0	
210	y_(12, 2),(11, 2)	4	0	9.0	9.0	0.0	
210	y_(45, 1),(47, 1)	4	0	11.0	11.0	0.0	
210	y_(5, 1),(24, 1)	4	0	11.0	11.0	0.0	
210	w_(25, 1)	4	0	6.0	7.0	-1.0	
210	y_(62, 3),(63, 3)	4	0	11.0	11.0	0.0	
210	y_(11, 4),(12, 4)	4	0	11.0	11.0	0.0	
210	w_(9, 4)	4	0	1.0	2.0	-1.0	
210	w_(23, 1)	4	0	11.0	11.0	0.0	
210	w_(16, 4)	4	0	6.0	9.0	-3.0	
210	y_(27, 1),(8, 1)	4	0	11.0	11.0	0.0	
210	y_(71, 3),(70, 3)	4	0	11.0	11.0	0.0	
210	y_(5, 4),(24, 4)	4	0	11.0	11.0	0.0	
210	y_(0, 1),(16, 1)	4	0	7.0	7.0	0.0	
210	y_(4, 1),(19, 1)	4	0	11.0	11.0	0.0	
210	y_(11, 2),(12, 2)	4	0	9.0	9.0	0.0	
210	y_(17, 1),(3, 1)	4	0	11.0	11.0	0.0	
210	y_(57, 3),(40, 3)	4	0	10.0	10.0	0.0	
210	y_(13, 2),(7, 2)	4	0	2.0	2.0	0.0	
210	y_(19, 1),(4, 1)	4	0	11.0	11.0	0.0	
210	y_(15, 4),(10, 4)	4	0	6.0	6.0	0.0	
210	y_(3, 1),(17, 1)	4	0	11.0	11.0	0.0	
210	y_(30, 3),(32, 3)	4	0	5.0	5.0	0.0	
210	y_(19, 1),(1, 1)	4	0	11.0	11.0	0.0	
210	y_(72, 3),(25, 3)	4	0	11.0	11.0	0.0	
210	y_(23, 1),(25, 1)	4	0	11.0	11.0	0.0	
210	y_(11, 1),(37, 1)	4	0	11.0	11.0	0.0	
210	y_(6, 1),(23, 1)	4	0	11.0	11.0	0.0	
210	y_(4, 4),(3, 4)	4	0	11.0	11.0	0.0	
210	y_(20, 4),(19, 4)	4	0	11.0	11.0	0.0	
210	w_(42, 1)	4	0	11.0	11.0	0.0	
210	y_(61, 3),(13, 3)	4	0	11.0	11.0	0.0	
210	y_(31, 1),(35, 1)	4	0	7.0	7.0	0.0	
210	y_(64, 3),(5, 3)	4	0	11.0	11.0	0.0	
210	y_(13, 2),(14, 2)	4	0	11.0	11.0	0.0	
210	y_(17, 1),(5, 1)	4	0	11.0	11.0	0.0	
210	y_(3, 4),(4, 4)	4	0	11.0	11.0	0.0	
210	w_(45, 1)	4	0	10.0	11.0	-1.0	
210	w_(19, 3)	4	0	4.0	4.0	0.0	
210	y_(62, 3),(4, 3)	4	0	4.0	4.0	0.0	
210	y_(34, 1),(10, 1)	4	0	11.0	11.0	0.0	
210	y_(0, 3),(56, 3)	4	0	10.0	10.0	0.0	
210	w_(22, 1)	4	0	3.0	5.0	-2.0	
210	y_(5, 4),(4, 4)	4	0	3.0	3.0	0.0	
210	y_(73, 3),(71, 3)	4	0	11.0	11.0	0.0	
210	w_(40, 3)	4	0	10.0	11.0	-1.0	
210	w_(3, 2)	4	0	1.0	1.0	0.0	
210	w_(32, 1)	4	0	7.0	11.0	-4.0	
210	w_(58, 3)	4	0	11.0	10.0	1.0	
210	w_(17, 1)	4	0	5.0	8.0	-3.0	
210	y_(74, 3),(47, 3)	4	0	5.0	5.0	0.0	
210	w_(11, 4)	4	0	4.0	3.0	1.0	
210	y_(41, 1),(14, 1)	4	0	11.0	11.0	0.0	
210	y_(51, 3),(52, 3)	4	0	11.0	11.0	0.0	
220	y_(68, 3),(71, 3)	4	0	11.0	11.0	0.0	
220	y_(11, 3),(13, 3)	4	0	11.0	11.0	0.0	
220	y_(2, 3),(15, 3)	4	0	11.0	11.0	0.0	
220	w_(37, 3)	4	0	2.0	4.0	-2.0	
220	y_(15, 3),(28, 3)	4	0	11.0	11.0	0.0	
220	y_(1, 3),(31, 3)	4	0	8.0	8.0	0.0	
220	y_(24, 3),(67, 3)	4	0	4.0	4.0	0.0	
220	y_(28, 3),(56, 3)	4	0	8.0	8.0	0.0	
220	w_(25, 4)	4	0	6.0	6.0	0.0	
220	y_(7, 2),(13, 2)	4	0	5.0	5.0	0.0	
220	y_(0, 2),(9, 2)	4	0	3.0	3.0	0.0	
220	y_(13, 2),(1, 2)	4	0	5.0	5.0	0.0	
220	y_(29, 3),(51, 3)	4	0	11.0	11.0	0.0	
220	y_(4, 3),(20, 3)	4	0	11.0	11.0	0.0	
220	y_(26, 4),(19, 4)	4	0	11.0	11.0	0.0	
220	y_(3, 1),(25, 1)	4	0	11.0	11.0	0.0	
220	w_(4, 1)	4	0	7.0	2.0	5.0	
220	w_(5, 2)	4	0	1.0	1.0	0.0	
220	y_(67, 3),(24, 3)	4	0	4.0	4.0	0.0	
220	y_(13, 1),(48, 1)	4	0	11.0	11.0	0.0	
220	y_(60, 3),(58, 3)	4	0	11.0	11.0	0.0	
220	y_(57, 3),(66, 3)	4	0	9.0	9.0	0.0	
220	y_(8, 2),(15, 2)	4	0	5.0	5.0	0.0	
220	w_(26, 1)	4	0	10.0	3.0	7.0	
220	y_(38, 3),(3, 3)	4	0	11.0	11.0	0.0	
220	w_(14, 3)	4	0	3.0	1.0	2.0	
220	y_(20, 3),(4, 3)	4	0	11.0	11.0	0.0	
220	y_(0, 1),(15, 1)	4	0	11.0	11.0	0.0	
220	y_(54, 3),(65, 3)	4	0	11.0	11.0	0.0	
220	y_(71, 3),(7, 3)	4	0	11.0	11.0	0.0	
220	y_(14, 4),(13, 4)	4	0	11.0	11.0	0.0	
220	w_(47, 3)	4	0	8.0	8.0	0.0	
220	y_(7, 1),(28, 1)	4	0	11.0	11.0	0.0	
220	y_(28, 1),(7, 1)	4	0	11.0	11.0	0.0	
220	y_(40, 1),(37, 1)	4	0	11.0	11.0	0.0	
220	y_(68, 3),(45, 3)	4	0	11.0	11.0	0.0	
220	y_(7, 3),(71, 3)	4	0	11.0	11.0	0.0	
220	y_(12, 3),(60, 3)	4	0	11.0	11.0	0.0	
220	w_(3, 1)	4	0	4.0	3.0	1.0	
220	y_(37, 1),(40, 1)	4	0	11.0	11.0	0.0	
220	w_(5, 1)	4	0	1.0	2.0	-1.0	
220	y_(71, 3),(68, 3)	4	0	11.0	11.0	0.0	
220	y_(49, 3),(23, 3)	4	0	6.0	6.0	0.0	
220	y_(36, 3),(3, 3)	4	0	9.0	9.0	0.0	
220	w_(40, 1)	4	0	11.0	11.0	0.0	
220	y_(7, 4),(8, 4)	4	0	6.0	6.0	0.0	
220	y_(23, 3),(45, 3)	4	0	9.0	9.0	0.0	
220	y_(46, 3),(4, 3)	4	0	7.0	7.0	0.0	
220	w_(34, 3)	4	0	10.0	11.0	-1.0	
220	y_(31, 1),(6, 1)	4	0	11.0	11.0	0.0	
220	y_(18, 3),(34, 3)	4	0	11.0	11.0	0.0	
220	y_(51, 3),(0, 3)	4	0	11.0	11.0	0.0	
220	w_(60, 3)	4	0	11.0	11.0	0.0	
220	w_(9, 2)	4	0	2.0	5.0	-3.0	
220	w_(11, 1)	4	0	11.0	11.0	0.0	
220	y_(13, 3),(11, 3)	4	0	11.0	11.0	0.0	
220	y_(46, 1),(44, 1)	4	0	11.0	11.0	0.0	
220	y_(28, 1),(21, 1)	4	0	11.0	11.0	0.0	
220	y_(5, 2),(1, 2)	4	0	1.0	1.0	0.0	
220	y_(63, 3),(62, 3)	4	0	11.0	11.0	0.0	
220	w_(65, 3)	4	0	4.0	5.0	-1.0	
220	w_(30, 1)	4	0	3.0	4.0	-1.0	
220	w_(0, 4)	4	0	7.0	6.0	1.0	
220	y_(10, 1),(30, 1)	4	0	11.0	11.0	0.0	
220	y_(17, 1),(15, 1)	4	0	11.0	11.0	0.0	
220	y_(1, 2),(13, 2)	4	0	5.0	5.0	0.0	
220	y_(7, 2),(8, 2)	4	0	5.0	5.0	0.0	
220	y_(1, 2),(5, 2)	4	0	1.0	1.0	0.0	
220	w_(18, 3)	4	0	1.0	1.0	0.0	
220	y_(25, 1),(3, 1)	4	0	11.0	11.0	0.0	
220	y_(30, 3),(58, 3)	4	0	11.0	11.0	0.0	
220	y_(45, 3),(68, 3)	4	0	11.0	11.0	0.0	
220	y_(9, 2),(0, 2)	4	0	3.0	3.0	0.0	
220	y_(5, 3),(24, 3)	4	0	8.0	8.0	0.0	
220	y_(4, 3),(46, 3)	4	0	7.0	7.0	0.0	
220	y_(30, 1),(10, 1)	4	0	11.0	11.0	0.0	
220	y_(48, 1),(13, 1)	4	0	11.0	11.0	0.0	
220	w_(2, 2)	4	0	11.0	11.0	0.0	
220	y_(65, 3),(54, 3)	4	0	11.0	11.0	0.0	
220	y_(1, 1),(19, 1)	4	0	11.0	11.0	0.0	
220	y_(0, 3),(51, 3)	4	0	11.0	11.0	0.0	
220	y_(3, 3),(38, 3)	4	0	11.0	11.0	0.0	
220	y_(12, 2),(11, 2)	4	0	11.0	11.0	0.0	
220	y_(15, 3),(2, 3)	4	0	11.0	11.0	0.0	
220	w_(10, 3)	4	0	2.0	2.0	0.0	
220	w_(25, 1)	4	0	10.0	10.0	0.0	
220	y_(62, 3),(63, 3)	4	0	11.0	11.0	0.0	
220	y_(13, 4),(14, 4)	4	0	11.0	11.0	0.0	
220	y_(6, 1),(31, 1)	4	0	11.0	11.0	0.0	
220	y_(19, 4),(18, 4)	4	0	11.0	11.0	0.0	
220	y_(22, 1),(5, 1)	4	0	11.0	11.0	0.0	
220	y_(5, 1),(22, 1)	4	0	11.0	11.0	0.0	
220	y_(3, 3),(36, 3)	4	0	9.0	9.0	0.0	
220	y_(58, 3),(60, 3)	4	0	11.0	11.0	0.0	
220	y_(11, 2),(12, 2)	4	0	11.0	11.0	0.0	
220	w_(24, 1)	4	0	2.0	5.0	-3.0	
220	y_(15, 1),(0, 1)	4	0	11.0	11.0	0.0	
220	y_(18, 4),(19, 4)	4	0	11.0	11.0	0.0	
220	y_(8, 2),(7, 2)	4	0	5.0	5.0	0.0	
220	y_(45, 3),(23, 3)	4	0	9.0	9.0	0.0	
220	w_(11, 2)	4	0	11.0	11.0	0.0	
220	y_(13, 2),(7, 2)	4	0	5.0	5.0	0.0	
220	y_(68, 3),(44, 3)	4	0	11.0	11.0	0.0	
220	w_(12, 2)	4	0	11.0	11.0	0.0	
220	y_(31, 3),(1, 3)	4	0	8.0	8.0	0.0	
220	w_(37, 1)	4	0	11.0	11.0	0.0	
220	w_(33, 1)	4	0	7.0	5.0	2.0	
220	w_(20, 1)	4	0	10.0	11.0	-1.0	
220	y_(8, 4),(7, 4)	4	0	6.0	6.0	0.0	
220	w_(34, 1)	4	0	4.0	3.0	1.0	
220	y_(51, 3),(29, 3)	4	0	11.0	11.0	0.0	
220	y_(19, 1),(1, 1)	4	0	11.0	11.0	0.0	
220	y_(24, 3),(5, 3)	4	0	8.0	8.0	0.0	
220	w_(26, 4)	4	0	11.0	11.0	0.0	
220	y_(15, 1),(17, 1)	4	0	11.0	11.0	0.0	
220	y_(4, 4),(3, 4)	4	0	11.0	11.0	0.0	
220	y_(15, 2),(8, 2)	4	0	5.0	5.0	0.0	
220	w_(15, 4)	4	0	3.0	3.0	0.0	
220	y_(14, 3),(58, 3)	4	0	11.0	11.0	0.0	
220	y_(3, 4),(4, 4)	4	0	11.0	11.0	0.0	
220	y_(19, 4),(26, 4)	4	0	11.0	11.0	0.0	
220	w_(45, 1)	4	0	11.0	11.0	0.0	
220	y_(28, 3),(15, 3)	4	0	11.0	11.0	0.0	
220	y_(44, 3),(68, 3)	4	0	11.0	11.0	0.0	
220	y_(56, 3),(28, 3)	4	0	8.0	8.0	0.0	
220	y_(58, 3),(14, 3)	4	0	11.0	11.0	0.0	
220	y_(60, 3),(12, 3)	4	0	11.0	11.0	0.0	
220	y_(23, 3),(49, 3)	4	0	6.0	6.0	0.0	
220	y_(58, 3),(30, 3)	4	0	11.0	11.0	0.0	
220	w_(10, 2)	4	0	11.0	11.0	0.0	
220	y_(44, 1),(46, 1)	4	0	11.0	11.0	0.0	
220	w_(40, 3)	4	0	9.0	7.0	2.0	
220	w_(41, 1)	4	0	11.0	11.0	0.0	
220	w_(27, 1)	4	0	6.0	3.0	3.0	
220	y_(66, 3),(57, 3)	4	0	9.0	9.0	0.0	
220	y_(34, 3),(18, 3)	4	0	11.0	11.0	0.0	
220	y_(21, 1),(28, 1)	4	0	11.0	11.0	0.0	
220	w_(71, 3)	4	0	11.0	11.0	0.0	
230	w_(74, 3)	4	0	9.0	9.0	0.0	
230	y_(17, 3),(0, 3)	4	0	11.0	11.0	0.0	
230	y_(4, 2),(5, 2)	4	0	11.0	11.0	0.0	
230	y_(19, 3),(21, 3)	4	0	5.0	5.0	0.0	
230	w_(37, 3)	4	0	7.0	10.0	-3.0	
230	y_(1, 3),(31, 3)	4	0	3.0	3.0	0.0	
230	w_(6, 2)	4	0	10.0	11.0	-1.0	
230	w_(2, 3)	4	0	1.0	7.0	-6.0	
230	y_(31, 1),(9, 1)	4	0	11.0	11.0	0.0	
230	w_(41, 3)	4	0	2.0	11.0	-9.0	
230	y_(13, 2),(1, 2)	4	0	2.0	2.0	0.0	
230	w_(44, 1)	4	0	11.0	11.0	0.0	
230	y_(5, 3),(65, 3)	4	0	11.0	11.0	0.0	
230	y_(29, 3),(51, 3)	4	0	11.0	11.0	0.0	
230	y_(2, 2),(11, 2)	4	0	11.0	11.0	0.0	
230	y_(60, 3),(1, 3)	4	0	6.0	6.0	0.0	
230	y_(9, 3),(10, 3)	4	0	11.0	11.0	0.0	
230	y_(10, 3),(9, 3)	4	0	11.0	11.0	0.0	
230	y_(57, 3),(66, 3)	4	0	11.0	11.0	0.0	
230	w_(55, 3)	4	0	3.0	9.0	-6.0	
230	y_(10, 3),(12, 3)	4	0	6.0	6.0	0.0	
230	y_(40, 1),(13, 1)	4	0	11.0	11.0	0.0	
230	y_(70, 3),(71, 3)	4	0	11.0	11.0	0.0	
230	w_(26, 1)	4	0	7.0	9.0	-2.0	
230	w_(14, 3)	4	0	10.0	11.0	-1.0	
230	y_(26, 3),(56, 3)	4	0	7.0	7.0	0.0	
230	y_(0, 1),(15, 1)	4	0	11.0	11.0	0.0	
230	y_(45, 1),(43, 1)	4	0	11.0	11.0	0.0	
230	y_(26, 3),(9, 3)	4	0	11.0	11.0	0.0	
230	y_(13, 1),(40, 1)	4	0	11.0	11.0	0.0	
230	y_(12, 3),(60, 3)	4	0	6.0	6.0	0.0	
230	y_(49, 3),(23, 3)	4	0	11.0	11.0	0.0	
230	y_(17, 4),(16, 4)	4	0	11.0	11.0	0.0	
230	y_(7, 4),(8, 4)	4	0	4.0	4.0	0.0	
230	w_(53, 3)	4	0	11.0	11.0	0.0	
230	y_(25, 3),(72, 3)	4	0	11.0	11.0	0.0	
230	y_(1, 3),(60, 3)	4	0	6.0	6.0	0.0	
230	w_(34, 3)	4	0	11.0	11.0	0.0	
230	w_(6, 3)	4	0	4.0	10.0	-6.0	
230	w_(10, 4)	4	0	8.0	11.0	-3.0	
230	y_(45, 1),(14, 1)	4	0	11.0	11.0	0.0	
230	w_(42, 3)	4	0	11.0	11.0	0.0	
230	y_(66, 3),(6, 3)	4	0	10.0	10.0	0.0	
230	w_(13, 1)	4	0	11.0	11.0	0.0	
230	w_(36, 1)	4	0	11.0	11.0	0.0	
230	y_(14, 2),(13, 2)	4	0	11.0	11.0	0.0	
230	w_(0, 4)	4	0	7.0	11.0	-4.0	
230	y_(12, 1),(44, 1)	4	0	11.0	11.0	0.0	
230	y_(37, 1),(11, 1)	4	0	11.0	11.0	0.0	
230	y_(50, 3),(20, 3)	4	0	11.0	11.0	0.0	
230	y_(1, 3),(61, 3)	4	0	2.0	2.0	0.0	
230	y_(1, 2),(13, 2)	4	0	2.0	2.0	0.0	
230	y_(61, 3),(1, 3)	4	0	2.0	2.0	0.0	
230	y_(6, 3),(66, 3)	4	0	10.0	10.0	0.0	
230	y_(16, 4),(17, 4)	4	0	11.0	11.0	0.0	
230	y_(24, 4),(5, 4)	4	0	11.0	11.0	0.0	
230	y_(21, 3),(19, 3)	4	0	5.0	5.0	0.0	
230	y_(47, 1),(46, 1)	4	0	11.0	11.0	0.0	
230	w_(45, 3)	4	0	4.0	9.0	-5.0	
230	w_(63, 3)	4	0	4.0	11.0	-7.0	
230	y_(63, 3),(4, 3)	4	0	11.0	11.0	0.0	
230	y_(8, 4),(13, 4)	4	0	11.0	11.0	0.0	
230	w_(49, 3)	4	0	1.0	3.0	-2.0	
230	y_(71, 3),(73, 3)	4	0	11.0	11.0	0.0	
230	y_(53, 3),(2, 3)	4	0	11.0	11.0	0.0	
230	w_(2, 2)	4	0	10.0	11.0	-1.0	
230	w_(7, 1)	4	0	5.0	9.0	-4.0	
230	w_(26, 3)	4	0	1.0	1.0	0.0	
230	y_(1, 4),(6, 4)	4	0	11.0	11.0	0.0	
230	y_(32, 3),(30, 3)	4	0	11.0	11.0	0.0	
230	y_(20, 3),(50, 3)	4	0	11.0	11.0	0.0	
230	y_(43, 1),(45, 1)	4	0	11.0	11.0	0.0	
230	w_(28, 3)	4	0	6.0	7.0	-1.0	
230	w_(16, 4)	4	0	8.0	11.0	-3.0	
230	y_(71, 3),(70, 3)	4	0	11.0	11.0	0.0	
230	y_(5, 4),(24, 4)	4	0	11.0	11.0	0.0	
230	y_(37, 3),(31, 3)	4	0	9.0	9.0	0.0	
230	y_(67, 3),(69, 3)	4	0	11.0	11.0	0.0	
230	w_(24, 1)	4	0	5.0	2.0	3.0	
230	y_(4, 3),(74, 3)	4	0	11.0	11.0	0.0	
230	y_(17, 1),(3, 1)	4	0	11.0	11.0	0.0	
230	y_(15, 1),(0, 1)	4	0	11.0	11.0	0.0	
230	y_(30, 1),(5, 1)	4	0	11.0	11.0	0.0	
230	y_(69, 3),(67, 3)	4	0	11.0	11.0	0.0	
230	w_(21, 1)	4	0	8.0	11.0	-3.0	
230	w_(43, 1)	4	0	11.0	11.0	0.0	
230	w_(12, 2)	4	0	11.0	11.0	0.0	
230	y_(31, 3),(1, 3)	4	0	3.0	3.0	0.0	
230	y_(65, 3),(5, 3)	4	0	11.0	11.0	0.0	
230	y_(2, 3),(53, 3)	4	0	11.0	11.0	0.0	
230	w_(72, 3)	4	0	11.0	11.0	0.0	
230	w_(20, 1)	4	0	11.0	11.0	0.0	
230	y_(4, 1),(26, 1)	4	0	11.0	11.0	0.0	
230	y_(9, 1),(31, 1)	4	0	11.0	11.0	0.0	
230	y_(8, 4),(7, 4)	4	0	4.0	4.0	0.0	
230	y_(74, 3),(4, 3)	4	0	11.0	11.0	0.0	
230	y_(3, 1),(17, 1)	4	0	11.0	11.0	0.0	
230	y_(51, 3),(29, 3)	4	0	11.0	11.0	0.0	
230	y_(30, 3),(32, 3)	4	0	11.0	11.0	0.0	
230	y_(72, 3),(25, 3)	4	0	11.0	11.0	0.0	
230	y_(14, 1),(45, 1)	4	0	11.0	11.0	0.0	
230	w_(4, 4)	4	0	3.0	3.0	0.0	
230	y_(2, 1),(20, 1)	4	0	11.0	11.0	0.0	
230	y_(20, 1),(2, 1)	4	0	11.0	11.0	0.0	
230	y_(11, 1),(37, 1)	4	0	11.0	11.0	0.0	
230	y_(46, 1),(47, 1)	4	0	11.0	11.0	0.0	
230	w_(42, 1)	4	0	11.0	11.0	0.0	
230	y_(56, 3),(26, 3)	4	0	7.0	7.0	0.0	
230	y_(13, 2),(14, 2)	4	0	11.0	11.0	0.0	
230	y_(13, 4),(8, 4)	4	0	11.0	11.0	0.0	
230	w_(22, 3)	4	0	5.0	2.0	3.0	
230	w_(5, 3)	4	0	3.0	1.0	2.0	
230	y_(31, 3),(37, 3)	4	0	9.0	9.0	0.0	
230	y_(14, 3),(58, 3)	4	0	11.0	11.0	0.0	
230	w_(13, 3)	4	0	2.0	1.0	1.0	
230	w_(19, 4)	4	0	8.0	11.0	-3.0	
230	y_(26, 1),(4, 1)	4	0	11.0	11.0	0.0	
230	y_(6, 4),(1, 4)	4	0	11.0	11.0	0.0	
230	y_(0, 3),(17, 3)	4	0	11.0	11.0	0.0	
230	y_(58, 3),(14, 3)	4	0	11.0	11.0	0.0	
230	y_(60, 3),(12, 3)	4	0	6.0	6.0	0.0	
230	y_(23, 3),(49, 3)	4	0	11.0	11.0	0.0	
230	y_(4, 3),(63, 3)	4	0	11.0	11.0	0.0	
230	w_(12, 1)	4	0	11.0	11.0	0.0	
230	w_(8, 4)	4	0	1.0	2.0	-1.0	
230	y_(11, 2),(2, 2)	4	0	11.0	11.0	0.0	
230	y_(44, 1),(12, 1)	4	0	11.0	11.0	0.0	
230	y_(73, 3),(71, 3)	4	0	11.0	11.0	0.0	
230	y_(5, 1),(30, 1)	4	0	11.0	11.0	0.0	
230	w_(58, 3)	4	0	9.0	11.0	-2.0	
230	y_(9, 3),(26, 3)	4	0	11.0	11.0	0.0	
230	w_(41, 1)	4	0	11.0	11.0	0.0	
230	y_(12, 3),(10, 3)	4	0	6.0	6.0	0.0	
230	y_(5, 2),(4, 2)	4	0	11.0	11.0	0.0	
230	w_(30, 3)	4	0	9.0	9.0	0.0	
230	y_(66, 3),(57, 3)	4	0	11.0	11.0	0.0	
240	w_(74, 3)	4	0	10.0	6.0	4.0	
240	y_(8, 1),(30, 1)	4	0	11.0	11.0	0.0	
240	y_(3, 1),(0, 1)	4	0	11.0	11.0	0.0	
240	y_(11, 4),(2, 4)	4	0	7.0	7.0	0.0	
240	w_(38, 1)	4	0	11.0	11.0	0.0	
240	w_(12, 4)	4	0	3.0	3.0	0.0	
240	y_(74, 3),(11, 3)	4	0	11.0	11.0	0.0	
240	y_(0, 4),(21, 4)	4	0	9.0	9.0	0.0	
240	y_(10, 1),(34, 1)	4	0	11.0	11.0	0.0	
240	y_(4, 4),(5, 4)	4	0	11.0	11.0	0.0	
240	w_(44, 1)	4	0	11.0	11.0	0.0	
240	y_(11, 4),(8, 4)	4	0	11.0	11.0	0.0	
240	y_(5, 3),(65, 3)	4	0	6.0	6.0	0.0	
240	y_(3, 4),(21, 4)	4	0	11.0	11.0	0.0	
240	y_(19, 4),(23, 4)	4	0	11.0	11.0	0.0	
240	w_(8, 1)	4	0	5.0	1.0	4.0	
240	y_(0, 1),(3, 1)	4	0	11.0	11.0	0.0	
240	y_(3, 1),(25, 1)	4	0	11.0	11.0	0.0	
240	y_(3, 3),(35, 3)	4	0	11.0	11.0	0.0	
240	y_(48, 3),(5, 3)	4	0	5.0	5.0	0.0	
240	w_(21, 3)	4	0	6.0	3.0	3.0	
240	y_(23, 4),(19, 4)	4	0	11.0	11.0	0.0	
240	w_(31, 3)	4	0	7.0	5.0	2.0	
240	y_(5, 1),(17, 1)	4	0	11.0	11.0	0.0	
240	y_(38, 3),(3, 3)	4	0	11.0	11.0	0.0	
240	w_(14, 3)	4	0	9.0	4.0	5.0	
240	y_(31, 3),(32, 3)	4	0	11.0	11.0	0.0	
240	w_(43, 3)	4	0	11.0	11.0	0.0	
240	y_(18, 3),(52, 3)	4	0	11.0	11.0	0.0	
240	y_(36, 3),(34, 3)	4	0	11.0	11.0	0.0	
240	y_(54, 3),(65, 3)	4	0	11.0	11.0	0.0	
240	y_(8, 4),(11, 4)	4	0	11.0	11.0	0.0	
240	y_(9, 4),(6, 4)	4	0	3.0	3.0	0.0	
240	y_(26, 3),(9, 3)	4	0	11.0	11.0	0.0	
240	y_(30, 1),(8, 1)	4	0	11.0	11.0	0.0	
240	y_(12, 3),(60, 3)	4	0	1.0	1.0	0.0	
240	y_(10, 4),(15, 4)	4	0	8.0	8.0	0.0	
240	w_(5, 1)	4	0	2.0	4.0	-2.0	
240	y_(17, 4),(16, 4)	4	0	11.0	11.0	0.0	
240	w_(29, 3)	4	0	11.0	11.0	0.0	
240	y_(32, 3),(31, 3)	4	0	11.0	11.0	0.0	
240	y_(18, 1),(22, 1)	4	0	11.0	11.0	0.0	
240	w_(6, 3)	4	0	5.0	8.0	-3.0	
240	y_(52, 3),(18, 3)	4	0	11.0	11.0	0.0	
240	y_(8, 1),(24, 1)	4	0	11.0	11.0	0.0	
240	w_(4, 2)	4	0	1.0	2.0	-1.0	
240	w_(48, 1)	4	0	11.0	11.0	0.0	
240	y_(36, 1),(12, 1)	4	0	11.0	11.0	0.0	
240	w_(0, 3)	4	0	3.0	4.0	-1.0	
240	y_(4, 2),(10, 2)	4	0	11.0	11.0	0.0	
240	y_(12, 1),(36, 1)	4	0	11.0	11.0	0.0	
240	y_(8, 3),(73, 3)	4	0	11.0	11.0	0.0	
240	w_(36, 1)	4	0	11.0	11.0	0.0	
240	y_(65, 3),(21, 3)	4	0	6.0	6.0	0.0	
240	y_(73, 3),(8, 3)	4	0	11.0	11.0	0.0	
240	y_(33, 1),(10, 1)	4	0	11.0	11.0	0.0	
240	y_(14, 2),(13, 2)	4	0	11.0	11.0	0.0	
240	w_(0, 4)	4	0	9.0	10.0	-1.0	
240	y_(56, 3),(0, 3)	4	0	11.0	11.0	0.0	
240	y_(10, 1),(33, 1)	4	0	11.0	11.0	0.0	
240	y_(62, 3),(25, 3)	4	0	4.0	4.0	0.0	
240	y_(53, 3),(52, 3)	4	0	11.0	11.0	0.0	
240	y_(25, 4),(19, 4)	4	0	11.0	11.0	0.0	
240	y_(57, 3),(38, 3)	4	0	11.0	11.0	0.0	
240	y_(25, 1),(3, 1)	4	0	11.0	11.0	0.0	
240	y_(2, 1),(1, 1)	4	0	11.0	11.0	0.0	
240	y_(22, 1),(18, 1)	4	0	11.0	11.0	0.0	
240	y_(25, 4),(21, 4)	4	0	11.0	11.0	0.0	
240	y_(16, 4),(17, 4)	4	0	11.0	11.0	0.0	
240	w_(24, 4)	4	0	6.0	6.0	0.0	
240	y_(10, 2),(4, 2)	4	0	11.0	11.0	0.0	
240	w_(15, 3)	4	0	3.0	8.0	-5.0	
240	y_(7, 1),(30, 1)	4	0	11.0	11.0	0.0	
240	y_(34, 3),(36, 3)	4	0	11.0	11.0	0.0	
240	y_(71, 3),(73, 3)	4	0	11.0	11.0	0.0	
240	y_(8, 4),(4, 4)	4	0	11.0	11.0	0.0	
240	y_(4, 4),(8, 4)	4	0	11.0	11.0	0.0	
240	w_(2, 2)	4	0	10.0	11.0	-1.0	
240	y_(65, 3),(54, 3)	4	0	11.0	11.0	0.0	
240	y_(1, 1),(19, 1)	4	0	11.0	11.0	0.0	
240	y_(21, 4),(0, 4)	4	0	9.0	9.0	0.0	
240	y_(32, 3),(30, 3)	4	0	4.0	4.0	0.0	
240	y_(19, 4),(25, 4)	4	0	11.0	11.0	0.0	
240	y_(3, 3),(38, 3)	4	0	11.0	11.0	0.0	
240	y_(5, 3),(48, 3)	4	0	5.0	5.0	0.0	
240	y_(6, 3),(67, 3)	4	0	11.0	11.0	0.0	
240	w_(4, 3)	4	0	4.0	3.0	1.0	
240	w_(10, 3)	4	0	1.0	7.0	-6.0	
240	y_(52, 3),(53, 3)	4	0	11.0	11.0	0.0	
240	w_(28, 3)	4	0	7.0	8.0	-1.0	
240	y_(22, 1),(5, 1)	4	0	11.0	11.0	0.0	
240	y_(0, 2),(5, 2)	4	0	10.0	10.0	0.0	
240	y_(5, 1),(22, 1)	4	0	11.0	11.0	0.0	
240	y_(35, 3),(3, 3)	4	0	11.0	11.0	0.0	
240	y_(4, 3),(74, 3)	4	0	10.0	10.0	0.0	
240	y_(5, 2),(0, 2)	4	0	10.0	10.0	0.0	
240	y_(21, 4),(3, 4)	4	0	11.0	11.0	0.0	
240	y_(23, 4),(1, 4)	4	0	11.0	11.0	0.0	
240	y_(10, 2),(5, 2)	4	0	11.0	11.0	0.0	
240	w_(43, 1)	4	0	11.0	11.0	0.0	
240	y_(68, 3),(44, 3)	4	0	11.0	11.0	0.0	
240	y_(65, 3),(5, 3)	4	0	6.0	6.0	0.0	
240	w_(31, 1)	4	0	9.0	9.0	0.0	
240	w_(1, 1)	4	0	8.0	10.0	-2.0	
240	w_(14, 1)	4	0	11.0	11.0	0.0	
240	y_(15, 4),(10, 4)	4	0	8.0	8.0	0.0	
240	y_(4, 1),(26, 1)	4	0	11.0	11.0	0.0	
240	y_(74, 3),(4, 3)	4	0	10.0	10.0	0.0	
240	y_(30, 3),(32, 3)	4	0	4.0	4.0	0.0	
240	w_(16, 3)	4	0	4.0	2.0	2.0	
240	y_(19, 1),(1, 1)	4	0	11.0	11.0	0.0	
240	y_(2, 1),(20, 1)	4	0	11.0	11.0	0.0	
240	y_(1, 1),(2, 1)	4	0	11.0	11.0	0.0	
240	w_(0, 2)	4	0	1.0	2.0	-1.0	
240	w_(48, 3)	4	0	5.0	8.0	-3.0	
240	y_(20, 1),(2, 1)	4	0	11.0	11.0	0.0	
240	y_(38, 3),(57, 3)	4	0	11.0	11.0	0.0	
240	y_(72, 3),(70, 3)	4	0	11.0	11.0	0.0	
240	y_(1, 4),(23, 4)	4	0	11.0	11.0	0.0	
240	w_(42, 1)	4	0	11.0	11.0	0.0	
240	y_(13, 2),(14, 2)	4	0	11.0	11.0	0.0	
240	w_(33, 3)	4	0	2.0	2.0	0.0	
240	y_(21, 3),(65, 3)	4	0	6.0	6.0	0.0	
240	y_(17, 1),(5, 1)	4	0	11.0	11.0	0.0	
240	w_(56, 3)	4	0	8.0	11.0	-3.0	
240	y_(14, 3),(58, 3)	4	0	11.0	11.0	0.0	
240	w_(36, 3)	4	0	2.0	1.0	1.0	
240	w_(29, 1)	4	0	7.0	10.0	-3.0	
240	y_(26, 1),(4, 1)	4	0	11.0	11.0	0.0	
240	y_(5, 2),(10, 2)	4	0	11.0	11.0	0.0	
240	y_(44, 3),(68, 3)	4	0	11.0	11.0	0.0	
240	w_(38, 3)	4	0	11.0	11.0	0.0	
240	y_(2, 4),(11, 4)	4	0	7.0	7.0	0.0	
240	y_(6, 4),(9, 4)	4	0	3.0	3.0	0.0	
240	y_(58, 3),(14, 3)	4	0	11.0	11.0	0.0	
240	y_(60, 3),(12, 3)	4	0	1.0	1.0	0.0	
240	y_(11, 3),(74, 3)	4	0	11.0	11.0	0.0	
240	w_(10, 2)	4	0	11.0	11.0	0.0	
240	y_(21, 4),(25, 4)	4	0	11.0	11.0	0.0	
240	y_(34, 1),(10, 1)	4	0	11.0	11.0	0.0	
240	y_(25, 3),(62, 3)	4	0	4.0	4.0	0.0	
240	w_(32, 3)	4	0	2.0	3.0	-1.0	
240	y_(0, 3),(56, 3)	4	0	11.0	11.0	0.0	
240	y_(5, 4),(4, 4)	4	0	11.0	11.0	0.0	
240	y_(73, 3),(71, 3)	4	0	11.0	11.0	0.0	
240	y_(9, 3),(26, 3)	4	0	11.0	11.0	0.0	
240	w_(17, 1)	4	0	8.0	5.0	3.0	
240	y_(67, 3),(6, 3)	4	0	11.0	11.0	0.0	
240	y_(30, 1),(7, 1)	4	0	11.0	11.0	0.0	
240	y_(24, 1),(8, 1)	4	0	11.0	11.0	0.0	
240	y_(70, 3),(72, 3)	4	0	11.0	11.0	0.0	
250	y_(7, 1),(26, 1)	4	0	11.0	11.0	0.0	
250	y_(17, 3),(0, 3)	4	0	11.0	11.0	0.0	
250	y_(4, 2),(5, 2)	4	0	11.0	11.0	0.0	
250	y_(17, 1),(18, 1)	4	0	11.0	11.0	0.0	
250	w_(6, 2)	4	0	11.0	11.0	0.0	
250	y_(11, 4),(2, 4)	4	0	11.0	11.0	0.0	
250	w_(2, 3)	4	0	1.0	4.0	-3.0	
250	w_(12, 4)	4	0	5.0	5.0	0.0	
250	y_(61, 3),(50, 3)	4	0	4.0	4.0	0.0	
250	w_(2, 4)	4	0	10.0	2.0	8.0	
250	w_(44, 1)	4	0	11.0	11.0	0.0	
250	y_(3, 4),(21, 4)	4	0	11.0	11.0	0.0	
250	y_(19, 4),(23, 4)	4	0	11.0	11.0	0.0	
250	y_(4, 3),(20, 3)	4	0	11.0	11.0	0.0	
250	w_(8, 1)	4	0	7.0	2.0	5.0	
250	y_(11, 1),(40, 1)	4	0	11.0	11.0	0.0	
250	y_(60, 3),(1, 3)	4	0	11.0	11.0	0.0	
250	y_(27, 1),(25, 1)	4	0	11.0	11.0	0.0	
250	w_(73, 3)	4	0	11.0	11.0	0.0	
250	w_(5, 2)	4	0	1.0	1.0	0.0	
250	w_(21, 3)	4	0	4.0	2.0	2.0	
250	y_(23, 4),(19, 4)	4	0	11.0	11.0	0.0	
250	y_(8, 2),(15, 2)	4	0	8.0	8.0	0.0	
250	y_(70, 3),(71, 3)	4	0	11.0	11.0	0.0	
250	w_(31, 3)	4	0	5.0	3.0	2.0	
250	y_(20, 3),(4, 3)	4	0	11.0	11.0	0.0	
250	y_(26, 3),(56, 3)	4	0	11.0	11.0	0.0	
250	y_(0, 1),(15, 1)	4	0	11.0	11.0	0.0	
250	w_(16, 1)	4	0	10.0	10.0	0.0	
250	w_(18, 4)	4	0	11.0	11.0	0.0	
250	w_(67, 3)	4	0	11.0	11.0	0.0	
250	y_(14, 4),(13, 4)	4	0	11.0	11.0	0.0	
250	w_(47, 3)	4	0	9.0	10.0	-1.0	
250	y_(59, 3),(15, 3)	4	0	11.0	11.0	0.0	
250	w_(15, 2)	4	0	8.0	7.0	1.0	
250	w_(24, 3)	4	0	3.0	2.0	1.0	
250	w_(8, 2)	4	0	8.0	6.0	2.0	
250	y_(40, 1),(37, 1)	4	0	11.0	11.0	0.0	
250	y_(68, 3),(45, 3)	4	0	11.0	11.0	0.0	
250	w_(3, 1)	4	0	6.0	7.0	-1.0	
250	y_(37, 1),(40, 1)	4	0	11.0	11.0	0.0	
250	y_(4, 3),(62, 3)	4	0	11.0	11.0	0.0	
250	w_(46, 3)	4	0	7.0	5.0	2.0	
250	w_(29, 3)	4	0	11.0	11.0	0.0	
250	w_(53, 3)	4	0	11.0	10.0	1.0	
250	w_(1, 3)	4	0	2.0	3.0	-1.0	
250	y_(26, 1),(7, 1)	4	0	11.0	11.0	0.0	
250	y_(25, 3),(72, 3)	4	0	11.0	11.0	0.0	
250	y_(1, 3),(60, 3)	4	0	11.0	11.0	0.0	
250	y_(25, 4),(22, 4)	4	0	11.0	11.0	0.0	
250	w_(7, 2)	4	0	8.0	4.0	4.0	
250	w_(4, 2)	4	0	6.0	3.0	3.0	
250	y_(6, 2),(11, 2)	4	0	11.0	11.0	0.0	
250	y_(26, 4),(4, 4)	4	0	11.0	11.0	0.0	
250	y_(46, 1),(44, 1)	4	0	11.0	11.0	0.0	
250	w_(48, 1)	4	0	11.0	11.0	0.0	
250	y_(36, 1),(12, 1)	4	0	11.0	11.0	0.0	
250	y_(45, 1),(14, 1)	4	0	11.0	11.0	0.0	
250	y_(12, 1),(36, 1)	4	0	11.0	11.0	0.0	
250	y_(8, 3),(73, 3)	4	0	11.0	11.0	0.0	
250	y_(25, 1),(27, 1)	4	0	11.0	11.0	0.0	
250	w_(36, 1)	4	0	11.0	11.0	0.0	
250	y_(73, 3),(8, 3)	4	0	11.0	11.0	0.0	
250	y_(33, 1),(10, 1)	4	0	11.0	11.0	0.0	
250	w_(30, 1)	4	0	7.0	1.0	6.0	
250	w_(59, 3)	4	0	9.0	10.0	-1.0	
250	y_(26, 1),(5, 1)	4	0	11.0	11.0	0.0	
250	w_(0, 4)	4	0	9.0	9.0	0.0	
250	y_(37, 1),(11, 1)	4	0	11.0	11.0	0.0	
250	y_(56, 3),(0, 3)	4	0	11.0	11.0	0.0	
250	y_(10, 1),(33, 1)	4	0	11.0	11.0	0.0	
250	y_(15, 3),(59, 3)	4	0	11.0	11.0	0.0	
250	y_(9, 1),(8, 1)	4	0	11.0	11.0	0.0	
250	y_(53, 3),(52, 3)	4	0	11.0	11.0	0.0	
250	w_(2, 1)	4	0	11.0	11.0	0.0	
250	w_(47, 1)	4	0	11.0	11.0	0.0	
250	y_(36, 1),(38, 1)	4	0	11.0	11.0	0.0	
250	y_(45, 3),(68, 3)	4	0	11.0	11.0	0.0	
250	w_(45, 3)	4	0	3.0	2.0	1.0	
250	y_(8, 4),(13, 4)	4	0	11.0	11.0	0.0	
250	y_(53, 3),(2, 3)	4	0	11.0	11.0	0.0	
250	y_(8, 4),(4, 4)	4	0	11.0	11.0	0.0	
250	y_(4, 4),(8, 4)	4	0	11.0	11.0	0.0	
250	y_(8, 1),(9, 1)	4	0	11.0	11.0	0.0	
250	w_(0, 1)	4	0	10.0	9.0	1.0	
250	y_(32, 3),(30, 3)	4	0	11.0	11.0	0.0	
250	y_(6, 3),(67, 3)	4	0	11.0	11.0	0.0	
250	y_(52, 3),(53, 3)	4	0	11.0	11.0	0.0	
250	y_(13, 4),(14, 4)	4	0	11.0	11.0	0.0	
250	y_(19, 4),(18, 4)	4	0	11.0	11.0	0.0	
250	y_(22, 4),(25, 4)	4	0	11.0	11.0	0.0	
250	y_(22, 1),(5, 1)	4	0	11.0	11.0	0.0	
250	y_(71, 3),(70, 3)	4	0	11.0	11.0	0.0	
250	y_(5, 1),(22, 1)	4	0	11.0	11.0	0.0	
250	y_(37, 3),(31, 3)	4	0	11.0	11.0	0.0	
250	w_(3, 3)	4	0	2.0	2.0	0.0	
250	w_(24, 1)	4	0	6.0	7.0	-1.0	
250	w_(5, 4)	4	0	4.0	3.0	1.0	
250	y_(17, 1),(3, 1)	4	0	11.0	11.0	0.0	
250	y_(15, 1),(0, 1)	4	0	11.0	11.0	0.0	
250	y_(18, 4),(19, 4)	4	0	11.0	11.0	0.0	
250	y_(15, 4),(16, 4)	4	0	5.0	5.0	0.0	
250	y_(21, 4),(3, 4)	4	0	11.0	11.0	0.0	
250	w_(12, 2)	4	0	11.0	11.0	0.0	
250	w_(37, 1)	4	0	11.0	11.0	0.0	
250	w_(1, 1)	4	0	3.0	6.0	-3.0	
250	y_(2, 3),(53, 3)	4	0	11.0	11.0	0.0	
250	w_(57, 3)	4	0	11.0	10.0	1.0	
250	w_(72, 3)	4	0	11.0	11.0	0.0	
250	w_(14, 1)	4	0	11.0	11.0	0.0	
250	w_(20, 1)	4	0	11.0	11.0	0.0	
250	y_(4, 4),(26, 4)	4	0	11.0	11.0	0.0	
250	y_(3, 1),(17, 1)	4	0	11.0	11.0	0.0	
250	y_(30, 3),(32, 3)	4	0	11.0	11.0	0.0	
250	w_(23, 4)	4	0	11.0	11.0	0.0	
250	y_(72, 3),(25, 3)	4	0	11.0	11.0	0.0	
250	y_(14, 1),(45, 1)	4	0	11.0	11.0	0.0	
250	w_(4, 4)	4	0	4.0	5.0	-1.0	
250	y_(3, 2),(0, 2)	4	0	1.0	1.0	0.0	
250	y_(11, 1),(37, 1)	4	0	11.0	11.0	0.0	
250	y_(16, 4),(15, 4)	4	0	5.0	5.0	0.0	
250	y_(40, 1),(11, 1)	4	0	11.0	11.0	0.0	
250	y_(15, 2),(8, 2)	4	0	8.0	8.0	0.0	
250	y_(56, 3),(26, 3)	4	0	11.0	11.0	0.0	
250	w_(33, 3)	4	0	2.0	2.0	0.0	
250	y_(13, 4),(8, 4)	4	0	11.0	11.0	0.0	
250	w_(22, 3)	4	0	3.0	1.0	2.0	
250	y_(31, 3),(37, 3)	4	0	11.0	11.0	0.0	
250	y_(18, 1),(17, 1)	4	0	11.0	11.0	0.0	
250	w_(36, 3)	4	0	2.0	3.0	-1.0	
250	w_(29, 1)	4	0	11.0	10.0	1.0	
250	w_(45, 1)	4	0	11.0	11.0	0.0	
250	y_(62, 3),(4, 3)	4	0	11.0	11.0	0.0	
250	y_(11, 2),(6, 2)	4	0	11.0	11.0	0.0	
250	y_(2, 4),(11, 4)	4	0	11.0	11.0	0.0	
250	y_(0, 3),(17, 3)	4	0	11.0	11.0	0.0	
250	w_(10, 2)	4	0	6.0	7.0	-1.0	
250	y_(44, 1),(46, 1)	4	0	11.0	11.0	0.0	
250	y_(0, 3),(56, 3)	4	0	11.0	11.0	0.0	
250	y_(50, 3),(61, 3)	4	0	4.0	4.0	0.0	
250	y_(5, 1),(26, 1)	4	0	11.0	11.0	0.0	
250	w_(3, 2)	4	0	1.0	1.0	0.0	
250	y_(38, 1),(36, 1)	4	0	11.0	11.0	0.0	
250	w_(54, 3)	4	0	9.0	5.0	4.0	
250	w_(27, 1)	4	0	10.0	7.0	3.0	
250	w_(7, 4)	4	0	7.0	5.0	2.0	
250	w_(11, 4)	4	0	5.0	4.0	1.0	
250	y_(5, 2),(4, 2)	4	0	11.0	11.0	0.0	
250	y_(67, 3),(6, 3)	4	0	11.0	11.0	0.0	
250	y_(0, 2),(3, 2)	4	0	1.0	1.0	0.0	
