proba:[
( 17,   1,   1) 0.2338
(  1,  17,   1) 0.2338
(  1,  16,   1) 0.3091
( 16,   1,   1) 0.3091
(  1,   4,   1) 0.1989
(  4,   1,   1) 0.1989
(  2,   3,   1) 0.3879
(  3,   2,   1) 0.3879
( 16,   2,   1) 0.2950
(  2,  16,   1) 0.2950
(  3,  21,   1) 0.4076
( 21,   3,   1) 0.4076
( 21,  20,   1) 0.4320
( 20,  21,   1) 0.4320
( 18,  16,   1) 0.1207
( 16,  18,   1) 0.1207
( 18,  19,   1) 0.2061
( 19,  18,   1) 0.2061
(  4,  18,   1) 0.2132
( 18,   4,   1) 0.2132
(  4,  26,   1) 0.4448
( 26,   4,   1) 0.4448
( 19,  20,   1) 0.1818
( 20,  19,   1) 0.1818
( 19,  23,   1) 0.2047
( 23,  19,   1) 0.2047
( 20,   2,   1) 0.2397
(  2,  20,   1) 0.2397
( 25,   4,   1) 0.1738
(  4,  25,   1) 0.1738
(  5,  20,   1) 0.1735
( 20,   5,   1) 0.1735
( 23,   5,   1) 0.1940
(  5,  23,   1) 0.1940
( 23,   6,   1) 0.2175
(  6,  23,   1) 0.2175
(  6,  18,   1) 0.2392
( 18,   6,   1) 0.2392
(  6,  25,   1) 0.2368
( 25,   6,   1) 0.2368
(  6,  27,   1) 0.3306
( 27,   6,   1) 0.3306
( 26,  28,   1) 0.1389
( 28,  26,   1) 0.1389
( 26,  30,   1) 0.1327
( 30,  26,   1) 0.1327
( 28,  10,   1) 0.2505
( 10,  28,   1) 0.2505
( 27,   5,   1) 0.1572
(  5,  27,   1) 0.1572
( 27,   8,   1) 0.1401
(  8,  27,   1) 0.1401
( 31,   6,   1) 0.1732
(  6,  31,   1) 0.1732
( 31,   9,   1) 0.3344
(  9,  31,   1) 0.3344
( 31,  11,   1) 0.4400
( 11,  31,   1) 0.4400
(  8,  31,   1) 0.3041
( 31,   8,   1) 0.3041
(  8,  34,   1) 0.4092
( 34,   8,   1) 0.4092
( 29,  22,   1) 0.2952
( 22,  29,   1) 0.2952
( 22,   5,   1) 0.2009
(  5,  22,   1) 0.2009
( 29,   8,   1) 0.0816
(  8,  29,   1) 0.0816
( 29,  33,   1) 0.4314
( 33,  29,   1) 0.4314
(  7,  24,   1) 0.1906
( 24,   7,   1) 0.1906
( 24,  26,   1) 0.2296
( 26,  24,   1) 0.2296
(  7,  30,   1) 0.2613
( 30,   7,   1) 0.2613
(  7,  32,   1) 0.1199
( 32,   7,   1) 0.1199
(  9,  25,   1) 0.3818
( 25,   9,   1) 0.3818
(  9,  28,   1) 0.2761
( 28,   9,   1) 0.2761
(  9,  10,   1) 0.2704
( 10,   9,   1) 0.2704
(  9,  35,   1) 0.1884
( 35,   9,   1) 0.1884
( 35,  11,   1) 0.4018
( 11,  35,   1) 0.4018
( 32,  10,   1) 0.2724
( 10,  32,   1) 0.2724
( 32,  36,   1) 0.3032
( 36,  32,   1) 0.3032
( 10,  30,   1) 0.1575
( 30,  10,   1) 0.1575
( 34,  11,   1) 0.1165
( 11,  34,   1) 0.1165
( 33,  34,   1) 0.2482
( 34,  33,   1) 0.2482
( 33,  37,   1) 0.1693
( 37,  33,   1) 0.1693
( 11,  39,   1) 0.1985
( 39,  11,   1) 0.1985
( 37,  39,   1) 0.4403
( 39,  37,   1) 0.4403
( 37,  13,   1) 0.5467
( 13,  37,   1) 0.5467
( 13,  45,   1) 0.4459
( 45,  13,   1) 0.4459
( 39,  40,   1) 0.4549
( 40,  39,   1) 0.4549
( 12,  41,   1) 0.1715
( 41,  12,   1) 0.1715
( 12,  49,   1) 0.1703
( 49,  12,   1) 0.1703
( 49,  14,   1) 0.1828
( 14,  49,   1) 0.1828
( 41,  38,   1) 0.0712
( 38,  41,   1) 0.0712
( 38,  12,   1) 0.1920
( 12,  38,   1) 0.1920
( 41,  14,   1) 0.1530
( 14,  41,   1) 0.1530
( 46,  44,   1) 0.0864
( 44,  46,   1) 0.0864
( 43,  45,   1) 0.0745
( 45,  43,   1) 0.0745
( 44,  43,   1) 0.1867
( 43,  44,   1) 0.1867
( 46,  15,   1) 0.3151
( 15,  46,   1) 0.3151
( 45,  46,   1) 0.1499
( 46,  45,   1) 0.1499
( 45,  47,   1) 0.0932
( 47,  45,   1) 0.0932
( 47,  48,   1) 0.1704
( 48,  47,   1) 0.1704
( 48,  46,   1) 0.1103
( 46,  48,   1) 0.1103
( 15,  42,   1) 0.1256
( 42,  15,   1) 0.1256
( 15,  14,   1) 0.2412
( 14,  15,   1) 0.2412
( 10,   1,   2) 0.4781
(  1,  10,   2) 0.4781
(  1,   4,   2) 0.3348
(  4,   1,   2) 0.3348
(  1,   6,   2) 0.7951
(  6,   1,   2) 0.7951
(  6,   2,   2) 0.1193
(  2,   6,   2) 0.1193
(  2,  14,   2) 0.1524
( 14,   2,   2) 0.1524
( 14,   8,   2) 0.1779
(  8,  14,   2) 0.1779
(  8,   9,   2) 0.1162
(  9,   8,   2) 0.1162
(  9,  16,   2) 0.1442
( 16,   9,   2) 0.1442
(  6,   5,   2) 0.6023
(  5,   6,   2) 0.6023
(  5,  11,   2) 0.6443
( 11,   5,   2) 0.6443
( 11,   6,   2) 0.4856
(  6,  11,   2) 0.4856
( 11,   3,   2) 0.1952
(  3,  11,   2) 0.1952
(  3,  12,   2) 0.0768
( 12,   3,   2) 0.0768
( 12,  13,   2) 0.0719
( 13,  12,   2) 0.0719
( 12,   7,   2) 0.2958
(  7,  12,   2) 0.2958
(  7,  14,   2) 0.1036
( 14,   7,   2) 0.1036
( 14,  15,   2) 0.2296
( 15,  14,   2) 0.2296
(  1,  17,   3) 0.1745
( 17,   1,   3) 0.1745
(  1,  47,   3) 0.1463
( 47,   1,   3) 0.1463
(  1,  51,   3) 0.3070
( 51,   1,   3) 0.3070
(  2,  12,   3) 0.1501
( 12,   2,   3) 0.1501
(  2,  13,   3) 0.2048
( 13,   2,   3) 0.2048
(  2,  20,   3) 0.3322
( 20,   2,   3) 0.3322
(  2,  31,   3) 0.1138
( 31,   2,   3) 0.1138
(  2,  50,   3) 0.1654
( 50,   2,   3) 0.1654
(  3,  15,   3) 0.1869
( 15,   3,   3) 0.1869
(  3,  33,   3) 0.0928
( 33,   3,   3) 0.0928
(  3,  48,   3) 0.1984
( 48,   3,   3) 0.1984
(  3,  53,   3) 0.2174
( 53,   3,   3) 0.2174
(  4,  35,   3) 0.2214
( 35,   4,   3) 0.2214
(  4,  36,   3) 0.1412
( 36,   4,   3) 0.1412
(  4,  38,   3) 0.2052
( 38,   4,   3) 0.2052
(  4,  54,   3) 0.2140
( 54,   4,   3) 0.2140
(  5,  11,   3) 0.3714
( 11,   5,   3) 0.3714
(  5,  20,   3) 0.1804
( 20,   5,   3) 0.1804
(  5,  23,   3) 0.2020
( 23,   5,   3) 0.2020
(  5,  25,   3) 0.2752
( 25,   5,   3) 0.2752
(  6,  23,   3) 0.2776
( 23,   6,   3) 0.2776
(  6,  24,   3) 0.1442
( 24,   6,   3) 0.1442
(  6,  37,   3) 0.1199
( 37,   6,   3) 0.1199
(  6,  56,   3) 0.1885
( 56,   6,   3) 0.1885
(  7,  39,   3) 0.2423
( 39,   7,   3) 0.2423
(  7,  41,   3) 0.0603
( 41,   7,   3) 0.0603
(  7,  42,   3) 0.1003
( 42,   7,   3) 0.1003
(  7,  43,   3) 0.0887
( 43,   7,   3) 0.0887
(  7,  44,   3) 0.0573
( 44,   7,   3) 0.0573
(  7,  57,   3) 0.1556
( 57,   7,   3) 0.1556
(  8,  45,   3) 0.3333
( 45,   8,   3) 0.3333
(  8,  59,   3) 0.3228
( 59,   8,   3) 0.3228
(  9,  10,   3) 0.1605
( 10,   9,   3) 0.1605
(  9,  12,   3) 0.1130
( 12,   9,   3) 0.1130
(  9,  46,   3) 0.3380
( 46,   9,   3) 0.3380
( 10,   9,   3) 0.1605
(  9,  10,   3) 0.1605
( 10,  12,   3) 0.1074
( 12,  10,   3) 0.1074
( 11,   5,   3) 0.3714
(  5,  11,   3) 0.3714
( 11,  13,   3) 0.1804
( 13,  11,   3) 0.1804
( 12,   2,   3) 0.1501
(  2,  12,   3) 0.1501
( 12,   9,   3) 0.1130
(  9,  12,   3) 0.1130
( 12,  10,   3) 0.1074
( 10,  12,   3) 0.1074
( 13,   2,   3) 0.2048
(  2,  13,   3) 0.2048
( 13,  11,   3) 0.1804
( 11,  13,   3) 0.1804
( 14,  48,   3) 0.0589
( 48,  14,   3) 0.0589
( 15,   3,   3) 0.1869
(  3,  15,   3) 0.1869
( 15,  27,   3) 0.1602
( 27,  15,   3) 0.1602
( 15,  28,   3) 0.3317
( 28,  15,   3) 0.3317
( 15,  48,   3) 0.1602
( 48,  15,   3) 0.1602
( 16,  53,   3) 0.0461
( 53,  16,   3) 0.0461
( 17,   1,   3) 0.1745
(  1,  17,   3) 0.1745
( 17,  18,   3) 0.3434
( 18,  17,   3) 0.3434
( 18,  17,   3) 0.3434
( 17,  18,   3) 0.3434
( 18,  34,   3) 0.1154
( 34,  18,   3) 0.1154
( 18,  52,   3) 0.2010
( 52,  18,   3) 0.2010
( 19,  21,   3) 0.2016
( 21,  19,   3) 0.2016
( 20,   2,   3) 0.3322
(  2,  20,   3) 0.3322
( 20,   5,   3) 0.1804
(  5,  20,   3) 0.1804
( 21,  19,   3) 0.2016
( 19,  21,   3) 0.2016
( 21,  56,   3) 0.0934
( 56,  21,   3) 0.0934
( 22,  55,   3) 0.1026
( 55,  22,   3) 0.1026
( 23,   5,   3) 0.2020
(  5,  23,   3) 0.2020
( 23,   6,   3) 0.2776
(  6,  23,   3) 0.2776
( 24,   6,   3) 0.1442
(  6,  24,   3) 0.1442
( 24,  58,   3) 0.2875
( 58,  24,   3) 0.2875
( 25,   5,   3) 0.2752
(  5,  25,   3) 0.2752
( 25,  59,   3) 0.3304
( 59,  25,   3) 0.3304
( 26,  46,   3) 0.0288
( 46,  26,   3) 0.0288
( 27,  15,   3) 0.1602
( 15,  27,   3) 0.1602
( 28,  15,   3) 0.3317
( 15,  28,   3) 0.3317
( 28,  47,   3) 0.2014
( 47,  28,   3) 0.2014
( 29,  51,   3) 0.0679
( 51,  29,   3) 0.0679
( 30,  50,   3) 0.0418
( 50,  30,   3) 0.0418
( 31,   2,   3) 0.1138
(  2,  31,   3) 0.1138
( 31,  32,   3) 0.1764
( 32,  31,   3) 0.1764
( 31,  37,   3) 0.2254
( 37,  31,   3) 0.2254
( 32,  31,   3) 0.1764
( 31,  32,   3) 0.1764
( 32,  49,   3) 0.1757
( 49,  32,   3) 0.1757
( 33,   3,   3) 0.0928
(  3,  33,   3) 0.0928
( 33,  35,   3) 0.1258
( 35,  33,   3) 0.1258
( 34,  18,   3) 0.1154
( 18,  34,   3) 0.1154
( 34,  36,   3) 0.1558
( 36,  34,   3) 0.1558
( 35,   4,   3) 0.2214
(  4,  35,   3) 0.2214
( 35,  33,   3) 0.1258
( 33,  35,   3) 0.1258
( 36,   4,   3) 0.1412
(  4,  36,   3) 0.1412
( 36,  34,   3) 0.1558
( 34,  36,   3) 0.1558
( 37,   6,   3) 0.1199
(  6,  37,   3) 0.1199
( 37,  31,   3) 0.2254
( 31,  37,   3) 0.2254
( 38,   4,   3) 0.2052
(  4,  38,   3) 0.2052
( 38,  42,   3) 0.4086
( 42,  38,   3) 0.4086
( 38,  57,   3) 0.3502
( 57,  38,   3) 0.3502
( 39,   7,   3) 0.2423
(  7,  39,   3) 0.2423
( 39,  54,   3) 0.1622
( 54,  39,   3) 0.1622
( 39,  58,   3) 0.4247
( 58,  39,   3) 0.4247
( 40,  57,   3) 0.0621
( 57,  40,   3) 0.0621
( 41,   7,   3) 0.0603
(  7,  41,   3) 0.0603
( 42,   7,   3) 0.1003
(  7,  42,   3) 0.1003
( 42,  38,   3) 0.4086
( 38,  42,   3) 0.4086
( 43,   7,   3) 0.0887
(  7,  43,   3) 0.0887
( 44,   7,   3) 0.0573
(  7,  44,   3) 0.0573
( 44,  45,   3) 0.3433
( 45,  44,   3) 0.3433
( 45,   8,   3) 0.3333
(  8,  45,   3) 0.3333
( 45,  44,   3) 0.3433
( 44,  45,   3) 0.3433
( 46,   9,   3) 0.3380
(  9,  46,   3) 0.3380
( 46,  26,   3) 0.0288
( 26,  46,   3) 0.0288
( 46,  47,   3) 0.3608
( 47,  46,   3) 0.3608
( 47,   1,   3) 0.1463
(  1,  47,   3) 0.1463
( 47,  28,   3) 0.2014
( 28,  47,   3) 0.2014
( 47,  46,   3) 0.3608
( 46,  47,   3) 0.3608
( 48,  14,   3) 0.0589
( 14,  48,   3) 0.0589
( 48,  15,   3) 0.1602
( 15,  48,   3) 0.1602
( 48,  49,   3) 0.0305
( 49,  48,   3) 0.0305
( 49,   3,   3) 0.2185
(  3,  49,   3) 0.2185
( 49,  32,   3) 0.1757
( 32,  49,   3) 0.1757
( 49,  48,   3) 0.0305
( 48,  49,   3) 0.0305
( 49,  50,   3) 0.0443
( 50,  49,   3) 0.0443
( 50,   2,   3) 0.1654
(  2,  50,   3) 0.1654
( 50,  30,   3) 0.0418
( 30,  50,   3) 0.0418
( 50,  49,   3) 0.0443
( 49,  50,   3) 0.0443
( 51,   1,   3) 0.3070
(  1,  51,   3) 0.3070
( 51,  29,   3) 0.0679
( 29,  51,   3) 0.0679
( 51,  52,   3) 0.1052
( 52,  51,   3) 0.1052
( 52,  18,   3) 0.2010
( 18,  52,   3) 0.2010
( 52,  51,   3) 0.1052
( 51,  52,   3) 0.1052
( 52,  53,   3) 0.0646
( 53,  52,   3) 0.0646
( 53,   3,   3) 0.2174
(  3,  53,   3) 0.2174
( 53,  16,   3) 0.0461
( 16,  53,   3) 0.0461
( 53,  52,   3) 0.0646
( 52,  53,   3) 0.0646
( 54,   4,   3) 0.2140
(  4,  54,   3) 0.2140
( 54,  39,   3) 0.1622
( 39,  54,   3) 0.1622
( 54,  55,   3) 0.0473
( 55,  54,   3) 0.0473
( 55,  22,   3) 0.1026
( 22,  55,   3) 0.1026
( 55,  54,   3) 0.0473
( 54,  55,   3) 0.0473
( 55,  56,   3) 0.1027
( 56,  55,   3) 0.1027
( 56,   6,   3) 0.1885
(  6,  56,   3) 0.1885
( 56,  21,   3) 0.0934
( 21,  56,   3) 0.0934
( 56,  55,   3) 0.1027
( 55,  56,   3) 0.1027
( 57,   7,   3) 0.1556
(  7,  57,   3) 0.1556
( 57,  38,   3) 0.3502
( 38,  57,   3) 0.3502
( 57,  40,   3) 0.0621
( 40,  57,   3) 0.0621
( 58,  24,   3) 0.2875
( 24,  58,   3) 0.2875
( 58,  39,   3) 0.4247
( 39,  58,   3) 0.4247
( 58,  59,   3) 0.0891
( 59,  58,   3) 0.0891
( 59,   8,   3) 0.3228
(  8,  59,   3) 0.3228
( 59,  25,   3) 0.3304
( 25,  59,   3) 0.3304
( 59,  58,   3) 0.0891
( 58,  59,   3) 0.0891
(  8,  60,   3) 0.3335
( 60,   8,   3) 0.3335
( 59,  60,   3) 0.4553
( 60,  59,   3) 0.4553
]
probn:[
(  1,   1) 0.1690
(  2,   1) 0.2154
(  3,   1) 0.2498
(  4,   1) 0.1887
(  5,   1) 0.2620
(  6,   1) 0.2279
(  7,   1) 0.1546
(  8,   1) 0.2833
(  9,   1) 0.2142
( 10,   1) 0.1853
( 11,   1) 0.2736
( 12,   1) 0.1680
( 13,   1) 0.3513
( 14,   1) 0.1776
( 15,   1) 0.2056
( 16,   1) 0.1991
( 17,   1) 0.1496
( 18,   1) 0.2084
( 19,   1) 0.2287
( 20,   1) 0.2459
( 21,   1) 0.3027
( 22,   1) 0.2900
( 23,   1) 0.2480
( 24,   1) 0.1486
( 25,   1) 0.1995
( 26,   1) 0.1685
( 27,   1) 0.2746
( 28,   1) 0.1823
( 29,   1) 0.2946
( 30,   1) 0.1750
( 31,   1) 0.2446
( 32,   1) 0.1571
( 33,   1) 0.3145
( 34,   1) 0.2848
( 35,   1) 0.2147
( 36,   1) 0.1797
( 37,   1) 0.3225
( 38,   1) 0.1880
( 39,   1) 0.2607
( 40,   1) 0.2012
( 41,   1) 0.1855
( 42,   1) 0.2071
( 43,   1) 0.2729
( 44,   1) 0.2479
( 45,   1) 0.2663
( 46,   1) 0.2463
( 47,   1) 0.2645
( 48,   1) 0.2414
( 49,   1) 0.1609
(  1,   2) 0.2326
(  2,   2) 0.1901
(  3,   2) 0.1681
(  4,   2) 0.2049
(  5,   2) 0.2835
(  6,   2) 0.2032
(  7,   2) 0.1696
(  8,   2) 0.1689
(  9,   2) 0.1655
( 10,   2) 0.3056
( 11,   2) 0.1865
( 12,   2) 0.1690
( 13,   2) 0.1667
( 14,   2) 0.1743
( 15,   2) 0.1518
( 16,   2) 0.1601
(  1,   3) 0.2949
(  2,   3) 0.2010
(  3,   3) 0.2517
(  4,   3) 0.3019
(  5,   3) 0.1770
(  6,   3) 0.2347
(  7,   3) 0.2768
(  8,   3) 0.1966
(  9,   3) 0.2005
( 10,   3) 0.1921
( 11,   3) 0.1615
( 12,   3) 0.2034
( 13,   3) 0.1777
( 14,   3) 0.2237
( 15,   3) 0.2357
( 16,   3) 0.2633
( 17,   3) 0.3118
( 18,   3) 0.2867
( 19,   3) 0.2484
( 20,   3) 0.1828
( 21,   3) 0.2560
( 22,   3) 0.2739
( 23,   3) 0.1991
( 24,   3) 0.2406
( 25,   3) 0.1720
( 26,   3) 0.2245
( 27,   3) 0.2256
( 28,   3) 0.2575
( 29,   3) 0.2759
( 30,   3) 0.2201
( 31,   3) 0.2069
( 32,   3) 0.2282
( 33,   3) 0.2636
( 34,   3) 0.2881
( 35,   3) 0.2822
( 36,   3) 0.3014
( 37,   3) 0.2216
( 38,   3) 0.3295
( 39,   3) 0.2716
( 40,   3) 0.2974
( 41,   3) 0.2843
( 42,   3) 0.2915
( 43,   3) 0.2895
( 44,   3) 0.2786
( 45,   3) 0.2396
( 46,   3) 0.2220
( 47,   3) 0.2723
( 48,   3) 0.2243
( 49,   3) 0.2212
( 50,   3) 0.2175
( 51,   3) 0.2682
( 52,   3) 0.2610
( 53,   3) 0.2570
( 54,   3) 0.2815
( 55,   3) 0.2750
( 56,   3) 0.2614
( 57,   3) 0.2920
( 58,   3) 0.2175
( 59,   3) 0.2134
( 60,   3) 0.1584
]
