proba:[
( 17,   1,   1) 0.0524
(  1,  17,   1) 0.0524
(  1,  16,   1) 0.0719
( 16,   1,   1) 0.0719
(  1,   4,   1) 0.0438
(  4,   1,   1) 0.0438
(  2,   3,   1) 0.0944
(  3,   2,   1) 0.0944
( 16,   2,   1) 0.0682
(  2,  16,   1) 0.0682
(  3,  21,   1) 0.1003
( 21,   3,   1) 0.1003
( 21,  20,   1) 0.1080
( 20,  21,   1) 0.1080
( 18,  16,   1) 0.0256
( 16,  18,   1) 0.0256
( 18,  19,   1) 0.0455
( 19,  18,   1) 0.0455
(  4,  18,   1) 0.0473
( 18,   4,   1) 0.0473
(  4,  26,   1) 0.1120
( 26,   4,   1) 0.1120
( 19,  20,   1) 0.0397
( 20,  19,   1) 0.0397
( 19,  23,   1) 0.0452
( 23,  19,   1) 0.0452
( 20,   2,   1) 0.0538
(  2,  20,   1) 0.0538
( 25,   4,   1) 0.0378
(  4,  25,   1) 0.0378
(  5,  20,   1) 0.0377
( 20,   5,   1) 0.0377
( 23,   5,   1) 0.0426
(  5,  23,   1) 0.0426
( 23,   6,   1) 0.0483
(  6,  23,   1) 0.0483
(  6,  18,   1) 0.0537
( 18,   6,   1) 0.0537
(  6,  25,   1) 0.0531
( 25,   6,   1) 0.0531
(  6,  27,   1) 0.0779
( 27,   6,   1) 0.0779
( 26,  28,   1) 0.0297
( 28,  26,   1) 0.0297
( 26,  30,   1) 0.0283
( 30,  26,   1) 0.0283
( 28,  10,   1) 0.0566
( 10,  28,   1) 0.0566
( 27,   5,   1) 0.0340
(  5,  27,   1) 0.0340
( 27,   8,   1) 0.0300
(  8,  27,   1) 0.0300
( 31,   6,   1) 0.0377
(  6,  31,   1) 0.0377
( 31,   9,   1) 0.0789
(  9,  31,   1) 0.0789
( 31,  11,   1) 0.1105
( 11,  31,   1) 0.1105
(  8,  31,   1) 0.0706
( 31,   8,   1) 0.0706
(  8,  34,   1) 0.1008
( 34,   8,   1) 0.1008
( 29,  22,   1) 0.0682
( 22,  29,   1) 0.0682
( 22,   5,   1) 0.0443
(  5,  22,   1) 0.0443
( 29,   8,   1) 0.0170
(  8,  29,   1) 0.0170
( 29,  33,   1) 0.1077
( 33,  29,   1) 0.1077
(  7,  24,   1) 0.0418
( 24,   7,   1) 0.0418
( 24,  26,   1) 0.0513
( 26,  24,   1) 0.0513
(  7,  30,   1) 0.0593
( 30,   7,   1) 0.0593
(  7,  32,   1) 0.0255
( 32,   7,   1) 0.0255
(  9,  25,   1) 0.0926
( 25,   9,   1) 0.0926
(  9,  28,   1) 0.0632
( 28,   9,   1) 0.0632
(  9,  10,   1) 0.0617
( 10,   9,   1) 0.0617
(  9,  35,   1) 0.0413
( 35,   9,   1) 0.0413
( 35,  11,   1) 0.0986
( 11,  35,   1) 0.0986
( 32,  10,   1) 0.0622
( 10,  32,   1) 0.0622
( 32,  36,   1) 0.0703
( 36,  32,   1) 0.0703
( 10,  30,   1) 0.0340
( 30,  10,   1) 0.0340
( 34,  11,   1) 0.0247
( 11,  34,   1) 0.0247
( 33,  34,   1) 0.0560
( 34,  33,   1) 0.0560
( 33,  37,   1) 0.0368
( 37,  33,   1) 0.0368
( 11,  39,   1) 0.0437
( 39,  11,   1) 0.0437
( 37,  39,   1) 0.1106
( 39,  37,   1) 0.1106
( 37,  13,   1) 0.1477
( 13,  37,   1) 0.1477
( 13,  45,   1) 0.1124
( 45,  13,   1) 0.1124
( 39,  40,   1) 0.1153
( 40,  39,   1) 0.1153
( 12,  41,   1) 0.0373
( 41,  12,   1) 0.0373
( 12,  49,   1) 0.0370
( 49,  12,   1) 0.0370
( 49,  14,   1) 0.0400
( 14,  49,   1) 0.0400
( 41,  38,   1) 0.0148
( 38,  41,   1) 0.0148
( 38,  12,   1) 0.0421
( 12,  38,   1) 0.0421
( 41,  14,   1) 0.0330
( 14,  41,   1) 0.0330
( 46,  44,   1) 0.0181
( 44,  46,   1) 0.0181
( 43,  45,   1) 0.0155
( 45,  43,   1) 0.0155
( 44,  43,   1) 0.0409
( 43,  44,   1) 0.0409
( 46,  15,   1) 0.0736
( 15,  46,   1) 0.0736
( 45,  46,   1) 0.0323
( 46,  45,   1) 0.0323
( 45,  47,   1) 0.0196
( 47,  45,   1) 0.0196
( 47,  48,   1) 0.0370
( 48,  47,   1) 0.0370
( 48,  46,   1) 0.0233
( 46,  48,   1) 0.0233
( 15,  42,   1) 0.0267
( 42,  15,   1) 0.0267
( 15,  14,   1) 0.0542
( 14,  15,   1) 0.0542
( 10,   1,   2) 0.1230
(  1,  10,   2) 0.1230
(  1,   4,   2) 0.0790
(  4,   1,   2) 0.0790
(  1,   6,   2) 0.2739
(  6,   1,   2) 0.2739
(  6,   2,   2) 0.0253
(  2,   6,   2) 0.0253
(  2,  14,   2) 0.0328
( 14,   2,   2) 0.0328
( 14,   8,   2) 0.0388
(  8,  14,   2) 0.0388
(  8,   9,   2) 0.0246
(  9,   8,   2) 0.0246
(  9,  16,   2) 0.0309
( 16,   9,   2) 0.0309
(  6,   5,   2) 0.1699
(  5,   6,   2) 0.1699
(  5,  11,   2) 0.1884
( 11,   5,   2) 0.1884
( 11,   6,   2) 0.1256
(  6,  11,   2) 0.1256
( 11,   3,   2) 0.0429
(  3,  11,   2) 0.0429
(  3,  12,   2) 0.0160
( 12,   3,   2) 0.0160
( 12,  13,   2) 0.0149
( 13,  12,   2) 0.0149
( 12,   7,   2) 0.0684
(  7,  12,   2) 0.0684
(  7,  14,   2) 0.0219
( 14,   7,   2) 0.0219
( 14,  15,   2) 0.0513
( 15,  14,   2) 0.0513
(  1,  17,   3) 0.0380
( 17,   1,   3) 0.0380
(  1,  47,   3) 0.0314
( 47,   1,   3) 0.0314
(  1,  51,   3) 0.0714
( 51,   1,   3) 0.0714
(  2,  12,   3) 0.0323
( 12,   2,   3) 0.0323
(  2,  13,   3) 0.0452
( 13,   2,   3) 0.0452
(  2,  20,   3) 0.0783
( 20,   2,   3) 0.0783
(  2,  31,   3) 0.0241
( 31,   2,   3) 0.0241
(  2,  50,   3) 0.0358
( 50,   2,   3) 0.0358
(  3,  15,   3) 0.0409
( 15,   3,   3) 0.0409
(  3,  33,   3) 0.0195
( 33,   3,   3) 0.0195
(  3,  48,   3) 0.0437
( 48,   3,   3) 0.0437
(  3,  53,   3) 0.0483
( 53,   3,   3) 0.0483
(  4,  35,   3) 0.0493
( 35,   4,   3) 0.0493
(  4,  36,   3) 0.0303
( 36,   4,   3) 0.0303
(  4,  38,   3) 0.0453
( 38,   4,   3) 0.0453
(  4,  54,   3) 0.0475
( 54,   4,   3) 0.0475
(  5,  11,   3) 0.0895
( 11,   5,   3) 0.0895
(  5,  20,   3) 0.0394
( 20,   5,   3) 0.0394
(  5,  23,   3) 0.0445
( 23,   5,   3) 0.0445
(  5,  25,   3) 0.0629
( 25,   5,   3) 0.0629
(  6,  23,   3) 0.0636
( 23,   6,   3) 0.0636
(  6,  24,   3) 0.0309
( 24,   6,   3) 0.0309
(  6,  37,   3) 0.0255
( 37,   6,   3) 0.0255
(  6,  56,   3) 0.0413
( 56,   6,   3) 0.0413
(  7,  39,   3) 0.0545
( 39,   7,   3) 0.0545
(  7,  41,   3) 0.0125
( 41,   7,   3) 0.0125
(  7,  42,   3) 0.0211
( 42,   7,   3) 0.0211
(  7,  43,   3) 0.0186
( 43,   7,   3) 0.0186
(  7,  44,   3) 0.0119
( 44,   7,   3) 0.0119
(  7,  57,   3) 0.0336
( 57,   7,   3) 0.0336
(  8,  45,   3) 0.0786
( 45,   8,   3) 0.0786
(  8,  59,   3) 0.0757
( 59,   8,   3) 0.0757
(  9,  10,   3) 0.0347
( 10,   9,   3) 0.0347
(  9,  12,   3) 0.0239
( 12,   9,   3) 0.0239
(  9,  46,   3) 0.0799
( 46,   9,   3) 0.0799
( 10,   9,   3) 0.0347
(  9,  10,   3) 0.0347
( 10,  12,   3) 0.0227
( 12,  10,   3) 0.0227
( 11,   5,   3) 0.0895
(  5,  11,   3) 0.0895
( 11,  13,   3) 0.0394
( 13,  11,   3) 0.0394
( 12,   2,   3) 0.0323
(  2,  12,   3) 0.0323
( 12,   9,   3) 0.0239
(  9,  12,   3) 0.0239
( 12,  10,   3) 0.0227
( 10,  12,   3) 0.0227
( 13,   2,   3) 0.0452
(  2,  13,   3) 0.0452
( 13,  11,   3) 0.0394
( 11,  13,   3) 0.0394
( 14,  48,   3) 0.0122
( 48,  14,   3) 0.0122
( 15,   3,   3) 0.0409
(  3,  15,   3) 0.0409
( 15,  27,   3) 0.0346
( 27,  15,   3) 0.0346
( 15,  28,   3) 0.0782
( 28,  15,   3) 0.0782
( 15,  48,   3) 0.0346
( 48,  15,   3) 0.0346
( 16,  53,   3) 0.0095
( 53,  16,   3) 0.0095
( 17,   1,   3) 0.0380
(  1,  17,   3) 0.0380
( 17,  18,   3) 0.0815
( 18,  17,   3) 0.0815
( 18,  17,   3) 0.0815
( 17,  18,   3) 0.0815
( 18,  34,   3) 0.0245
( 34,  18,   3) 0.0245
( 18,  52,   3) 0.0443
( 52,  18,   3) 0.0443
( 19,  21,   3) 0.0445
( 21,  19,   3) 0.0445
( 20,   2,   3) 0.0783
(  2,  20,   3) 0.0783
( 20,   5,   3) 0.0394
(  5,  20,   3) 0.0394
( 21,  19,   3) 0.0445
( 19,  21,   3) 0.0445
( 21,  56,   3) 0.0196
( 56,  21,   3) 0.0196
( 22,  55,   3) 0.0216
( 55,  22,   3) 0.0216
( 23,   5,   3) 0.0445
(  5,  23,   3) 0.0445
( 23,   6,   3) 0.0636
(  6,  23,   3) 0.0636
( 24,   6,   3) 0.0309
(  6,  24,   3) 0.0309
( 24,  58,   3) 0.0662
( 58,  24,   3) 0.0662
( 25,   5,   3) 0.0629
(  5,  25,   3) 0.0629
( 25,  59,   3) 0.0778
( 59,  25,   3) 0.0778
( 26,  46,   3) 0.0059
( 46,  26,   3) 0.0059
( 27,  15,   3) 0.0346
( 15,  27,   3) 0.0346
( 28,  15,   3) 0.0782
( 15,  28,   3) 0.0782
( 28,  47,   3) 0.0444
( 47,  28,   3) 0.0444
( 29,  51,   3) 0.0141
( 51,  29,   3) 0.0141
( 30,  50,   3) 0.0086
( 50,  30,   3) 0.0086
( 31,   2,   3) 0.0241
(  2,  31,   3) 0.0241
( 31,  32,   3) 0.0384
( 32,  31,   3) 0.0384
( 31,  37,   3) 0.0503
( 37,  31,   3) 0.0503
( 32,  31,   3) 0.0384
( 31,  32,   3) 0.0384
( 32,  49,   3) 0.0383
( 49,  32,   3) 0.0383
( 33,   3,   3) 0.0195
(  3,  33,   3) 0.0195
( 33,  35,   3) 0.0268
( 35,  33,   3) 0.0268
( 34,  18,   3) 0.0245
( 18,  34,   3) 0.0245
( 34,  36,   3) 0.0336
( 36,  34,   3) 0.0336
( 35,   4,   3) 0.0493
(  4,  35,   3) 0.0493
( 35,  33,   3) 0.0268
( 33,  35,   3) 0.0268
( 36,   4,   3) 0.0303
(  4,  36,   3) 0.0303
( 36,  34,   3) 0.0336
( 34,  36,   3) 0.0336
( 37,   6,   3) 0.0255
(  6,  37,   3) 0.0255
( 37,  31,   3) 0.0503
( 31,  37,   3) 0.0503
( 38,   4,   3) 0.0453
(  4,  38,   3) 0.0453
( 38,  42,   3) 0.1006
( 42,  38,   3) 0.1006
( 38,  57,   3) 0.0834
( 57,  38,   3) 0.0834
( 39,   7,   3) 0.0545
(  7,  39,   3) 0.0545
( 39,  54,   3) 0.0351
( 54,  39,   3) 0.0351
( 39,  58,   3) 0.1056
( 58,  39,   3) 0.1056
( 40,  57,   3) 0.0129
( 57,  40,   3) 0.0129
( 41,   7,   3) 0.0125
(  7,  41,   3) 0.0125
( 42,   7,   3) 0.0211
(  7,  42,   3) 0.0211
( 42,  38,   3) 0.1006
( 38,  42,   3) 0.1006
( 43,   7,   3) 0.0186
(  7,  43,   3) 0.0186
( 44,   7,   3) 0.0119
(  7,  44,   3) 0.0119
( 44,  45,   3) 0.0814
( 45,  44,   3) 0.0814
( 45,   8,   3) 0.0786
(  8,  45,   3) 0.0786
( 45,  44,   3) 0.0814
( 44,  45,   3) 0.0814
( 46,   9,   3) 0.0799
(  9,  46,   3) 0.0799
( 46,  26,   3) 0.0059
( 26,  46,   3) 0.0059
( 46,  47,   3) 0.0864
( 47,  46,   3) 0.0864
( 47,   1,   3) 0.0314
(  1,  47,   3) 0.0314
( 47,  28,   3) 0.0444
( 28,  47,   3) 0.0444
( 47,  46,   3) 0.0864
( 46,  47,   3) 0.0864
( 48,  14,   3) 0.0122
( 14,  48,   3) 0.0122
( 48,  15,   3) 0.0346
( 15,  48,   3) 0.0346
( 48,  49,   3) 0.0062
( 49,  48,   3) 0.0062
( 49,   3,   3) 0.0486
(  3,  49,   3) 0.0486
( 49,  32,   3) 0.0383
( 32,  49,   3) 0.0383
( 49,  48,   3) 0.0062
( 48,  49,   3) 0.0062
( 49,  50,   3) 0.0091
( 50,  49,   3) 0.0091
( 50,   2,   3) 0.0358
(  2,  50,   3) 0.0358
( 50,  30,   3) 0.0086
( 30,  50,   3) 0.0086
( 50,  49,   3) 0.0091
( 49,  50,   3) 0.0091
( 51,   1,   3) 0.0714
(  1,  51,   3) 0.0714
( 51,  29,   3) 0.0141
( 29,  51,   3) 0.0141
( 51,  52,   3) 0.0222
( 52,  51,   3) 0.0222
( 52,  18,   3) 0.0443
( 18,  52,   3) 0.0443
( 52,  51,   3) 0.0222
( 51,  52,   3) 0.0222
( 52,  53,   3) 0.0134
( 53,  52,   3) 0.0134
( 53,   3,   3) 0.0483
(  3,  53,   3) 0.0483
( 53,  16,   3) 0.0095
( 16,  53,   3) 0.0095
( 53,  52,   3) 0.0134
( 52,  53,   3) 0.0134
( 54,   4,   3) 0.0475
(  4,  54,   3) 0.0475
( 54,  39,   3) 0.0351
( 39,  54,   3) 0.0351
( 54,  55,   3) 0.0097
( 55,  54,   3) 0.0097
( 55,  22,   3) 0.0216
( 22,  55,   3) 0.0216
( 55,  54,   3) 0.0097
( 54,  55,   3) 0.0097
( 55,  56,   3) 0.0216
( 56,  55,   3) 0.0216
( 56,   6,   3) 0.0413
(  6,  56,   3) 0.0413
( 56,  21,   3) 0.0196
( 21,  56,   3) 0.0196
( 56,  55,   3) 0.0216
( 55,  56,   3) 0.0216
( 57,   7,   3) 0.0336
(  7,  57,   3) 0.0336
( 57,  38,   3) 0.0834
( 38,  57,   3) 0.0834
( 57,  40,   3) 0.0129
( 40,  57,   3) 0.0129
( 58,  24,   3) 0.0662
( 24,  58,   3) 0.0662
( 58,  39,   3) 0.1056
( 39,  58,   3) 0.1056
( 58,  59,   3) 0.0187
( 59,  58,   3) 0.0187
( 59,   8,   3) 0.0757
(  8,  59,   3) 0.0757
( 59,  25,   3) 0.0778
( 25,  59,   3) 0.0778
( 59,  58,   3) 0.0187
( 58,  59,   3) 0.0187
(  8,  60,   3) 0.0787
( 60,   8,   3) 0.0787
( 59,  60,   3) 0.1155
( 60,  59,   3) 0.1155
]
probn:[
(  1,   1) 0.0367
(  2,   1) 0.0478
(  3,   1) 0.0564
(  4,   1) 0.0413
(  5,   1) 0.0595
(  6,   1) 0.0509
(  7,   1) 0.0333
(  8,   1) 0.0651
(  9,   1) 0.0475
( 10,   1) 0.0405
( 11,   1) 0.0625
( 12,   1) 0.0365
( 13,   1) 0.0837
( 14,   1) 0.0387
( 15,   1) 0.0454
( 16,   1) 0.0438
( 17,   1) 0.0322
( 18,   1) 0.0461
( 19,   1) 0.0511
( 20,   1) 0.0554
( 21,   1) 0.0702
( 22,   1) 0.0668
( 23,   1) 0.0559
( 24,   1) 0.0320
( 25,   1) 0.0439
( 26,   1) 0.0366
( 27,   1) 0.0628
( 28,   1) 0.0398
( 29,   1) 0.0681
( 30,   1) 0.0381
( 31,   1) 0.0551
( 32,   1) 0.0339
( 33,   1) 0.0734
( 34,   1) 0.0655
( 35,   1) 0.0476
( 36,   1) 0.0392
( 37,   1) 0.0756
( 38,   1) 0.0412
( 39,   1) 0.0592
( 40,   1) 0.0444
( 41,   1) 0.0406
( 42,   1) 0.0458
( 43,   1) 0.0623
( 44,   1) 0.0559
( 45,   1) 0.0606
( 46,   1) 0.0555
( 47,   1) 0.0602
( 48,   1) 0.0543
( 49,   1) 0.0348
(  1,   2) 0.0521
(  2,   2) 0.0417
(  3,   2) 0.0365
(  4,   2) 0.0452
(  5,   2) 0.0651
(  6,   2) 0.0448
(  7,   2) 0.0368
(  8,   2) 0.0367
(  9,   2) 0.0359
( 10,   2) 0.0710
( 11,   2) 0.0408
( 12,   2) 0.0367
( 13,   2) 0.0361
( 14,   2) 0.0379
( 15,   2) 0.0327
( 16,   2) 0.0346
(  1,   3) 0.0681
(  2,   3) 0.0443
(  3,   3) 0.0569
(  4,   3) 0.0700
(  5,   3) 0.0386
(  6,   3) 0.0526
(  7,   3) 0.0633
(  8,   3) 0.0432
(  9,   3) 0.0442
( 10,   3) 0.0422
( 11,   3) 0.0349
( 12,   3) 0.0449
( 13,   3) 0.0387
( 14,   3) 0.0498
( 15,   3) 0.0528
( 16,   3) 0.0598
( 17,   3) 0.0727
( 18,   3) 0.0659
( 19,   3) 0.0560
( 20,   3) 0.0400
( 21,   3) 0.0580
( 22,   3) 0.0626
( 23,   3) 0.0438
( 24,   3) 0.0541
( 25,   3) 0.0374
( 26,   3) 0.0500
( 27,   3) 0.0503
( 28,   3) 0.0584
( 29,   3) 0.0631
( 30,   3) 0.0490
( 31,   3) 0.0457
( 32,   3) 0.0510
( 33,   3) 0.0599
( 34,   3) 0.0663
( 35,   3) 0.0648
( 36,   3) 0.0699
( 37,   3) 0.0493
( 38,   3) 0.0775
( 39,   3) 0.0620
( 40,   3) 0.0688
( 41,   3) 0.0653
( 42,   3) 0.0672
( 43,   3) 0.0667
( 44,   3) 0.0638
( 45,   3) 0.0538
( 46,   3) 0.0494
( 47,   3) 0.0622
( 48,   3) 0.0500
( 49,   3) 0.0492
( 50,   3) 0.0483
( 51,   3) 0.0611
( 52,   3) 0.0592
( 53,   3) 0.0582
( 54,   3) 0.0646
( 55,   3) 0.0629
( 56,   3) 0.0593
( 57,   3) 0.0673
( 58,   3) 0.0483
( 59,   3) 0.0473
( 60,   3) 0.0342
]
