1	0	0
1	0	1
1	0	2
1	0	3
1	0	4
1	0	5
1	0	6
1	0	7
1	0	8
1	0	9
1	0	10
1	0	11
1	0	12
1	0	13
1	0	14
1	0	15
1	0	16
1	0	17
1	0	18
1	0	19
1	0	20
1	0	21
1	0	22
1	0	23
1	0	24
1	0	25
1	0	26
1	0	27
1	0	28
1	0	29
1	0	30
1	0	31
1	0	32
1	0	33
1	0	34
1	0	35
1	0	36
1	0	37
1	0	38
1	0	39
1	0	40
1	0	41
1	0	42
1	0	43
1	0	44
1	0	45
1	0	46
1	0	47
1	0	48
1	0	49
1	0	761
1	0	769
1	0	777
1	0	785
1	0	793
1	0	800
1	0	801
1	0	808
1	0	809
1	0	816
1	0	817
1	0	823
1	0	824
1	0	825
1	0	831
1	0	832
1	0	833
1	0	838
1	0	839
1	0	840
1	0	841
1	0	846
1	0	847
1	0	848
1	0	849
1	0	854
1	0	855
1	0	856
1	0	857
1	0	862
1	0	863
1	0	864
1	0	865
1	0	869
1	0	870
1	0	871
1	0	872
1	0	873
1	0	877
1	0	878
1	0	879
1	0	880
1	0	881
1	0	885
1	0	886
1	0	887
1	0	888
1	0	889
1	0	893
1	0	894
1	0	895
1	0	896
1	0	897
1	0	901
1	0	902
1	0	903
1	0	904
1	0	905
1	0	908
1	0	909
1	0	910
1	0	911
1	0	912
1	0	913
1	0	916
1	0	917
1	0	918
1	0	919
1	0	920
1	0	921
1	0	924
1	0	925
1	0	926
1	0	927
1	0	928
1	0	929
1	0	931
1	0	932
1	0	933
1	0	934
1	0	935
1	0	936
1	0	937
1	0	939
1	0	940
1	0	941
1	0	942
1	0	943
1	0	944
1	0	945
1	0	947
1	0	948
1	0	949
1	0	950
1	0	951
1	0	952
1	0	953
1	0	954
1	0	955
1	0	956
1	0	957
1	0	958
1	0	959
1	0	960
1	0	961
1	0	962
1	0	963
1	0	964
1	0	965
1	0	966
1	0	967
1	0	968
1	0	969
1	0	970
1	0	971
1	0	972
1	0	973
1	0	974
1	0	975
1	0	976
1	0	977
1	0	978
1	0	979
1	0	980
1	0	981
1	0	982
1	0	983
1	0	984
1	0	985
1	0	986
1	0	987
1	0	988
1	0	989
2	0	0
2	0	1
2	0	2
2	0	3
2	0	4
2	0	5
2	0	6
2	0	7
2	0	8
2	0	9
2	0	10
2	0	11
2	0	12
2	0	13
2	0	14
2	0	15
2	0	16
2	0	17
2	0	18
2	0	19
2	0	20
2	0	21
2	0	22
2	0	23
2	0	24
2	0	25
2	0	26
2	0	27
2	0	28
2	0	29
2	0	30
2	0	31
2	0	32
2	0	33
2	0	34
2	0	35
2	0	36
2	0	37
2	0	38
2	0	39
2	0	40
2	0	41
2	0	42
2	0	43
2	0	44
2	0	45
2	0	46
2	0	47
2	0	48
2	0	49
2	0	753
2	0	761
2	0	769
2	0	777
2	0	785
2	0	793
2	0	800
2	0	801
2	0	808
2	0	809
2	0	816
2	0	817
2	0	823
2	0	824
2	0	825
2	0	831
2	0	832
2	0	833
2	0	838
2	0	839
2	0	840
2	0	841
2	0	846
2	0	847
2	0	848
2	0	849
2	0	854
2	0	855
2	0	856
2	0	857
2	0	862
2	0	863
2	0	864
2	0	865
2	0	869
2	0	870
2	0	871
2	0	872
2	0	873
2	0	877
2	0	878
2	0	879
2	0	880
2	0	881
2	0	885
2	0	886
2	0	887
2	0	888
2	0	889
2	0	893
2	0	894
2	0	895
2	0	896
2	0	897
2	0	901
2	0	902
2	0	903
2	0	904
2	0	905
2	0	908
2	0	909
2	0	910
2	0	911
2	0	912
2	0	913
2	0	916
2	0	917
2	0	918
2	0	919
2	0	920
2	0	921
2	0	924
2	0	925
2	0	926
2	0	927
2	0	928
2	0	929
2	0	931
2	0	932
2	0	933
2	0	934
2	0	935
2	0	936
2	0	937
2	0	939
2	0	940
2	0	941
2	0	942
2	0	943
2	0	944
2	0	945
2	0	947
2	0	948
2	0	949
2	0	950
2	0	951
2	0	952
2	0	953
2	0	954
2	0	955
2	0	956
2	0	957
2	0	958
2	0	959
2	0	960
2	0	961
2	0	962
2	0	963
2	0	964
2	0	965
2	0	966
2	0	967
2	0	968
2	0	969
2	0	970
2	0	971
2	0	972
2	0	973
2	0	974
2	0	975
2	0	976
2	0	977
2	0	978
2	0	979
2	0	980
2	0	981
2	0	982
2	0	983
2	0	984
2	0	985
2	0	986
2	0	987
2	0	988
2	0	989
3	0	0
3	0	1
3	0	2
3	0	3
3	0	4
3	0	5
3	0	6
3	0	7
3	0	8
3	0	9
3	0	10
3	0	11
3	0	12
3	0	13
3	0	14
3	0	15
3	0	16
3	0	17
3	0	18
3	0	19
3	0	20
3	0	21
3	0	22
3	0	23
3	0	24
3	0	25
3	0	26
3	0	27
3	0	28
3	0	29
3	0	30
3	0	31
3	0	32
3	0	33
3	0	34
3	0	35
3	0	36
3	0	37
3	0	38
3	0	39
3	0	40
3	0	41
3	0	42
3	0	43
3	0	44
3	0	45
3	0	46
3	0	47
3	0	48
3	0	49
3	0	753
3	0	761
3	0	769
3	0	777
3	0	784
3	0	785
3	0	793
3	0	800
3	0	801
3	0	808
3	0	809
3	0	816
3	0	817
3	0	823
3	0	824
3	0	825
3	0	831
3	0	832
3	0	833
3	0	838
3	0	839
3	0	840
3	0	841
3	0	846
3	0	847
3	0	848
3	0	849
3	0	854
3	0	855
3	0	856
3	0	857
3	0	861
3	0	862
3	0	863
3	0	864
3	0	865
3	0	869
3	0	870
3	0	871
3	0	872
3	0	873
3	0	877
3	0	878
3	0	879
3	0	880
3	0	881
3	0	885
3	0	886
3	0	887
3	0	888
3	0	889
3	0	893
3	0	894
3	0	895
3	0	896
3	0	897
3	0	900
3	0	901
3	0	902
3	0	903
3	0	904
3	0	905
3	0	908
3	0	909
3	0	910
3	0	911
3	0	912
3	0	913
3	0	916
3	0	917
3	0	918
3	0	919
3	0	920
3	0	921
3	0	924
3	0	925
3	0	926
3	0	927
3	0	928
3	0	929
3	0	931
3	0	932
3	0	933
3	0	934
3	0	935
3	0	936
3	0	937
3	0	939
3	0	940
3	0	941
3	0	942
3	0	943
3	0	944
3	0	945
3	0	947
3	0	948
3	0	949
3	0	950
3	0	951
3	0	952
3	0	953
3	0	954
3	0	955
3	0	956
3	0	957
3	0	958
3	0	959
3	0	960
3	0	961
3	0	962
3	0	963
3	0	964
3	0	965
3	0	966
3	0	967
3	0	968
3	0	969
3	0	970
3	0	971
3	0	972
3	0	973
3	0	974
3	0	975
3	0	976
3	0	977
3	0	978
3	0	979
3	0	980
3	0	981
3	0	982
3	0	983
3	0	984
3	0	985
3	0	986
3	0	987
3	0	988
3	0	9894	0	0
4	0	1
4	0	2
4	0	3
4	0	4
4	0	5
4	0	6
4	0	7
4	0	8
4	0	9
4	0	10
4	0	11
4	0	12
4	0	13
4	0	14
4	0	15
4	0	16
4	0	17
4	0	18
4	0	19
4	0	20
4	0	21
4	0	22
4	0	23
4	0	24
4	0	25
4	0	26
4	0	27
4	0	28
4	0	29
4	0	30
4	0	31
4	0	32
4	0	33
4	0	34
4	0	35
4	0	36
4	0	37
4	0	38
4	0	39
4	0	40
4	0	41
4	0	42
4	0	43
4	0	44
4	0	45
4	0	46
4	0	47
4	0	48
4	0	49
4	0	566
4	0	567
4	0	568
4	0	569
4	0	576
4	0	616
4	0	633
4	0	640
4	0	648
4	0	649
4	0	673
4	0	680
4	0	681
4	0	694
4	0	695
4	0	696
4	0	697
4	0	699
4	0	700
4	0	701
4	0	702
4	0	703
4	0	704
4	0	705
4	0	713
4	0	721
4	0	724
4	0	725
4	0	726
4	0	727
4	0	728
4	0	729
4	0	737
4	0	742
4	0	743
4	0	744
4	0	745
4	0	752
4	0	753
4	0	758
4	0	760
4	0	761
4	0	768
4	0	769
4	0	773
4	0	775
4	0	776
4	0	777
4	0	780
4	0	784
4	0	785
4	0	791
4	0	792
4	0	793
4	0	798
4	0	799
4	0	800
4	0	801
4	0	802
4	0	806
4	0	807
4	0	808
4	0	809
4	0	814
4	0	815
4	0	816
4	0	817
4	0	820
4	0	821
4	0	822
4	0	823
4	0	824
4	0	825
4	0	830
4	0	831
4	0	832
4	0	833
4	0	836
4	0	837
4	0	838
4	0	839
4	0	840
4	0	841
4	0	843
4	0	845
4	0	846
4	0	847
4	0	848
4	0	849
4	0	850
4	0	853
4	0	854
4	0	855
4	0	856
4	0	857
4	0	861
4	0	862
4	0	863
4	0	864
4	0	865
4	0	867
4	0	868
4	0	869
4	0	870
4	0	871
4	0	872
4	0	873
4	0	876
4	0	877
4	0	878
4	0	879
4	0	880
4	0	881
4	0	884
4	0	885
4	0	886
4	0	887
4	0	888
4	0	889
4	0	892
4	0	893
4	0	894
4	0	895
4	0	896
4	0	897
4	0	900
4	0	901
4	0	902
4	0	903
4	0	904
4	0	905
4	0	908
4	0	909
4	0	910
4	0	911
4	0	912
4	0	913
4	0	915
4	0	916
4	0	917
4	0	918
4	0	919
4	0	920
4	0	921
4	0	924
4	0	925
4	0	926
4	0	927
4	0	928
4	0	929
4	0	932
4	0	933
4	0	934
4	0	935
4	0	936
4	0	937
4	0	940
4	0	941
4	0	942
4	0	943
4	0	944
4	0	945
4	0	947
4	0	948
4	0	949
4	0	950
4	0	951
4	0	952
4	0	953
4	0	954
4	0	955
4	0	956
4	0	957
4	0	958
4	0	959
4	0	960
4	0	961
4	0	962
4	0	963
4	0	964
4	0	965
4	0	966
4	0	967
4	0	968
4	0	969
4	0	970
4	0	971
4	0	972
4	0	973
4	0	974
4	0	975
4	0	976
4	0	977
4	0	978
4	0	979
4	0	980
4	0	981
4	0	982
4	0	983
4	0	984
4	0	985
4	0	986
4	0	987
4	0	988
4	0	989
5	0	0
5	0	1
5	0	2
5	0	3
5	0	4
5	0	5
5	0	6
5	0	7
5	0	8
5	0	9
5	0	10
5	0	11
5	0	12
5	0	13
5	0	14
5	0	15
5	0	16
5	0	17
5	0	18
5	0	19
5	0	20
5	0	21
5	0	22
5	0	23
5	0	24
5	0	25
5	0	26
5	0	27
5	0	28
5	0	29
5	0	30
5	0	31
5	0	32
5	0	33
5	0	34
5	0	35
5	0	36
5	0	37
5	0	38
5	0	39
5	0	40
5	0	41
5	0	42
5	0	43
5	0	44
5	0	45
5	0	46
5	0	47
5	0	48
5	0	49
5	0	753
5	0	761
5	0	769
5	0	777
5	0	784
5	0	785
5	0	793
5	0	800
5	0	801
5	0	808
5	0	809
5	0	816
5	0	817
5	0	823
5	0	824
5	0	825
5	0	831
5	0	832
5	0	833
5	0	838
5	0	839
5	0	840
5	0	841
5	0	846
5	0	847
5	0	848
5	0	849
5	0	854
5	0	855
5	0	856
5	0	857
5	0	861
5	0	862
5	0	863
5	0	864
5	0	865
5	0	869
5	0	870
5	0	871
5	0	872
5	0	873
5	0	877
5	0	878
5	0	879
5	0	880
5	0	881
5	0	885
5	0	886
5	0	887
5	0	888
5	0	889
5	0	893
5	0	894
5	0	895
5	0	896
5	0	897
5	0	900
5	0	901
5	0	902
5	0	903
5	0	904
5	0	905
5	0	908
5	0	909
5	0	910
5	0	911
5	0	912
5	0	913
5	0	916
5	0	917
5	0	918
5	0	919
5	0	920
5	0	921
5	0	923
5	0	924
5	0	925
5	0	926
5	0	927
5	0	928
5	0	929
5	0	931
5	0	932
5	0	933
5	0	934
5	0	935
5	0	936
5	0	937
5	0	939
5	0	940
5	0	941
5	0	942
5	0	943
5	0	944
5	0	945
5	0	947
5	0	948
5	0	949
5	0	950
5	0	951
5	0	952
5	0	953
5	0	954
5	0	955
5	0	956
5	0	957
5	0	958
5	0	959
5	0	960
5	0	961
5	0	962
5	0	963
5	0	964
5	0	965
5	0	966
5	0	967
5	0	968
5	0	969
5	0	970
5	0	971
5	0	972
5	0	973
5	0	974
5	0	975
5	0	976
5	0	977
5	0	978
5	0	979
5	0	980
5	0	981
5	0	982
5	0	983
5	0	984
5	0	985
5	0	986
5	0	987
5	0	988
5	0	989
6	0	0
6	0	1
6	0	2
6	0	3
6	0	4
6	0	5
6	0	6
6	0	7
6	0	8
6	0	9
6	0	10
6	0	11
6	0	12
6	0	13
6	0	14
6	0	15
6	0	16
6	0	17
6	0	18
6	0	19
6	0	20
6	0	21
6	0	22
6	0	23
6	0	24
6	0	25
6	0	26
6	0	27
6	0	28
6	0	29
6	0	30
6	0	31
6	0	32
6	0	33
6	0	34
6	0	35
6	0	36
6	0	37
6	0	38
6	0	39
6	0	40
6	0	41
6	0	42
6	0	43
6	0	44
6	0	45
6	0	46
6	0	47
6	0	48
6	0	49
6	0	753
6	0	761
6	0	768
6	0	769
6	0	777
6	0	784
6	0	785
6	0	793
6	0	800
6	0	801
6	0	808
6	0	809
6	0	816
6	0	817
6	0	823
6	0	824
6	0	825
6	0	830
6	0	831
6	0	832
6	0	833
6	0	838
6	0	839
6	0	840
6	0	841
6	0	846
6	0	847
6	0	848
6	0	849
6	0	854
6	0	855
6	0	856
6	0	857
6	0	861
6	0	862
6	0	863
6	0	864
6	0	865
6	0	869
6	0	870
6	0	871
6	0	872
6	0	873
6	0	877
6	0	878
6	0	879
6	0	880
6	0	881
6	0	885
6	0	886
6	0	887
6	0	888
6	0	889
6	0	892
6	0	893
6	0	894
6	0	895
6	0	896
6	0	897
6	0	900
6	0	901
6	0	902
6	0	903
6	0	904
6	0	905
6	0	908
6	0	909
6	0	910
6	0	911
6	0	912
6	0	913
6	0	916
6	0	917
6	0	918
6	0	919
6	0	920
6	0	921
6	0	923
6	0	924
6	0	925
6	0	926
6	0	927
6	0	928
6	0	929
6	0	931
6	0	932
6	0	933
6	0	934
6	0	935
6	0	936
6	0	937
6	0	939
6	0	940
6	0	941
6	0	942
6	0	943
6	0	944
6	0	945
6	0	947
6	0	948
6	0	949
6	0	950
6	0	951
6	0	952
6	0	953
6	0	954
6	0	955
6	0	956
6	0	957
6	0	958
6	0	959
6	0	960
6	0	961
6	0	962
6	0	963
6	0	964
6	0	965
6	0	966
6	0	967
6	0	968
6	0	969
6	0	970
6	0	971
6	0	972
6	0	973
6	0	974
6	0	975
6	0	976
6	0	977
6	0	978
6	0	979
6	0	980
6	0	981
6	0	982
6	0	983
6	0	984
6	0	985
6	0	986
6	0	987
6	0	988
6	0	989
8	0	0
8	0	1
8	0	2
8	0	3
8	0	4
8	0	5
8	0	6
8	0	7
8	0	8
8	0	9
8	0	10
8	0	11
8	0	12
8	0	13
8	0	14
8	0	15
8	0	16
8	0	17
8	0	18
8	0	19
8	0	20
8	0	21
8	0	22
8	0	23
8	0	24
8	0	25
8	0	26
8	0	27
8	0	28
8	0	29
8	0	30
8	0	31
8	0	32
8	0	33
8	0	34
8	0	35
8	0	36
8	0	37
8	0	38
8	0	39
8	0	40
8	0	41
8	0	42
8	0	43
8	0	44
8	0	45
8	0	46
8	0	47
8	0	48
8	0	49
8	0	753
8	0	760
8	0	761
8	0	768
8	0	769
8	0	777
8	0	784
8	0	785
8	0	793
8	0	800
8	0	801
8	0	807
8	0	808
8	0	809
8	0	815
8	0	816
8	0	817
8	0	822
8	0	823
8	0	824
8	0	825
8	0	830
8	0	831
8	0	832
8	0	833
8	0	838
8	0	839
8	0	840
8	0	841
8	0	846
8	0	847
8	0	848
8	0	849
8	0	853
8	0	854
8	0	855
8	0	856
8	0	857
8	0	861
8	0	862
8	0	863
8	0	864
8	0	865
8	0	869
8	0	870
8	0	871
8	0	872
8	0	873
8	0	877
8	0	878
8	0	879
8	0	880
8	0	881
8	0	885
8	0	886
8	0	887
8	0	888
8	0	889
8	0	892
8	0	893
8	0	894
8	0	895
8	0	896
8	0	897
8	0	900
8	0	901
8	0	902
8	0	903
8	0	904
8	0	905
8	0	908
8	0	909
8	0	910
8	0	911
8	0	912
8	0	913
8	0	916
8	0	917
8	0	918
8	0	919
8	0	920
8	0	921
8	0	923
8	0	924
8	0	925
8	0	926
8	0	927
8	0	928
8	0	929
8	0	931
8	0	932
8	0	933
8	0	934
8	0	935
8	0	936
8	0	937
8	0	939
8	0	940
8	0	941
8	0	942
8	0	943
8	0	944
8	0	945
8	0	947
8	0	948
8	0	949
8	0	950
8	0	951
8	0	952
8	0	953
8	0	954
8	0	955
8	0	956
8	0	957
8	0	958
8	0	959
8	0	960
8	0	961
8	0	962
8	0	963
8	0	964
8	0	965
8	0	966
8	0	967
8	0	968
8	0	969
8	0	970
8	0	971
8	0	972
8	0	973
8	0	974
8	0	975
8	0	976
8	0	977
8	0	978
8	0	979
8	0	980
8	0	981
8	0	982
8	0	983
8	0	984
8	0	985
8	0	986
8	0	987
8	0	988
8	0	989
10	0	0
10	0	1
10	0	2
10	0	3
10	0	4
10	0	5
10	0	6
10	0	7
10	0	8
10	0	9
10	0	10
10	0	11
10	0	12
10	0	13
10	0	14
10	0	15
10	0	16
10	0	17
10	0	18
10	0	19
10	0	20
10	0	21
10	0	22
10	0	23
10	0	24
10	0	25
10	0	26
10	0	27
10	0	28
10	0	29
10	0	30
10	0	31
10	0	32
10	0	33
10	0	34
10	0	35
10	0	36
10	0	37
10	0	38
10	0	39
10	0	40
10	0	41
10	0	42
10	0	43
10	0	44
10	0	45
10	0	46
10	0	47
10	0	48
10	0	49
10	0	566
10	0	567
10	0	568
10	0	569
10	0	633
10	0	648
10	0	649
10	0	673
10	0	680
10	0	681
10	0	695
10	0	696
10	0	697
10	0	699
10	0	700
10	0	701
10	0	702
10	0	703
10	0	704
10	0	705
10	0	713
10	0	721
10	0	724
10	0	725
10	0	726
10	0	727
10	0	728
10	0	729
10	0	737
10	0	742
10	0	743
10	0	744
10	0	745
10	0	752
10	0	753
10	0	760
10	0	761
10	0	768
10	0	769
10	0	776
10	0	777
10	0	783
10	0	784
10	0	785
10	0	791
10	0	792
10	0	793
10	0	798
10	0	799
10	0	800
10	0	801
10	0	806
10	0	807
10	0	808
10	0	809
10	0	814
10	0	815
10	0	816
10	0	817
10	0	820
10	0	821
10	0	822
10	0	823
10	0	824
10	0	825
10	0	830
10	0	831
10	0	832
10	0	833
10	0	835
10	0	836
10	0	837
10	0	838
10	0	839
10	0	840
10	0	841
10	0	845
10	0	846
10	0	847
10	0	848
10	0	849
10	0	853
10	0	854
10	0	855
10	0	856
10	0	857
10	0	861
10	0	862
10	0	863
10	0	864
10	0	865
10	0	868
10	0	869
10	0	870
10	0	871
10	0	872
10	0	873
10	0	876
10	0	877
10	0	878
10	0	879
10	0	880
10	0	881
10	0	884
10	0	885
10	0	886
10	0	887
10	0	888
10	0	889
10	0	892
10	0	893
10	0	894
10	0	895
10	0	896
10	0	897
10	0	900
10	0	901
10	0	902
10	0	903
10	0	904
10	0	905
10	0	908
10	0	909
10	0	910
10	0	911
10	0	912
10	0	913
10	0	915
10	0	916
10	0	917
10	0	918
10	0	919
10	0	920
10	0	921
10	0	924
10	0	925
10	0	926
10	0	927
10	0	928
10	0	929
10	0	931
10	0	932
10	0	933
10	0	934
10	0	935
10	0	936
10	0	937
10	0	939
10	0	940
10	0	941
10	0	942
10	0	943
10	0	944
10	0	945
10	0	947
10	0	948
10	0	949
10	0	950
10	0	951
10	0	952
10	0	953
10	0	954
10	0	955
10	0	956
10	0	957
10	0	958
10	0	959
10	0	960
10	0	961
10	0	962
10	0	963
10	0	964
10	0	965
10	0	966
10	0	967
10	0	968
10	0	969
10	0	970
10	0	971
10	0	972
10	0	973
10	0	974
10	0	975
10	0	976
10	0	977
10	0	978
10	0	979
10	0	980
10	0	981
10	0	982
10	0	983
10	0	984
10	0	985
10	0	986
10	0	987
10	0	988
10	0	989
12	0	0
12	0	1
12	0	2
12	0	3
12	0	4
12	0	5
12	0	6
12	0	7
12	0	8
12	0	9
12	0	10
12	0	11
12	0	12
12	0	13
12	0	14
12	0	15
12	0	16
12	0	17
12	0	18
12	0	19
12	0	20
12	0	21
12	0	22
12	0	23
12	0	24
12	0	25
12	0	26
12	0	27
12	0	28
12	0	29
12	0	30
12	0	31
12	0	32
12	0	33
12	0	34
12	0	35
12	0	36
12	0	37
12	0	38
12	0	39
12	0	40
12	0	41
12	0	42
12	0	43
12	0	44
12	0	45
12	0	46
12	0	47
12	0	48
12	0	49
12	0	753
12	0	760
12	0	761
12	0	768
12	0	769
12	0	776
12	0	777
12	0	784
12	0	785
12	0	792
12	0	793
12	0	800
12	0	801
12	0	807
12	0	808
12	0	809
12	0	815
12	0	816
12	0	817
12	0	822
12	0	823
12	0	824
12	0	825
12	0	830
12	0	831
12	0	832
12	0	833
12	0	838
12	0	839
12	0	840
12	0	841
12	0	846
12	0	847
12	0	848
12	0	849
12	0	853
12	0	854
12	0	855
12	0	856
12	0	857
12	0	861
12	0	862
12	0	863
12	0	864
12	0	865
12	0	868
12	0	869
12	0	870
12	0	871
12	0	872
12	0	873
12	0	877
12	0	878
12	0	879
12	0	880
12	0	881
12	0	884
12	0	885
12	0	886
12	0	887
12	0	888
12	0	889
12	0	892
12	0	893
12	0	894
12	0	895
12	0	896
12	0	897
12	0	900
12	0	901
12	0	902
12	0	903
12	0	904
12	0	905
12	0	908
12	0	909
12	0	910
12	0	911
12	0	912
12	0	913
12	0	915
12	0	916
12	0	917
12	0	918
12	0	919
12	0	920
12	0	921
12	0	923
12	0	924
12	0	925
12	0	926
12	0	927
12	0	928
12	0	929
12	0	931
12	0	932
12	0	933
12	0	934
12	0	935
12	0	936
12	0	937
12	0	939
12	0	940
12	0	941
12	0	942
12	0	943
12	0	944
12	0	945
12	0	946
12	0	947
12	0	948
12	0	949
12	0	950
12	0	951
12	0	952
12	0	953
12	0	954
12	0	955
12	0	956
12	0	957
12	0	958
12	0	959
12	0	960
12	0	961
12	0	962
12	0	963
12	0	964
12	0	965
12	0	966
12	0	967
12	0	968
12	0	969
12	0	970
12	0	971
12	0	972
12	0	973
12	0	974
12	0	975
12	0	976
12	0	977
12	0	978
12	0	979
12	0	980
12	0	981
12	0	982
12	0	983
12	0	984
12	0	985
12	0	986
12	0	987
12	0	988
12	0	989
15	0	0
15	0	1
15	0	2
15	0	3
15	0	4
15	0	5
15	0	6
15	0	7
15	0	8
15	0	9
15	0	10
15	0	11
15	0	12
15	0	13
15	0	14
15	0	15
15	0	16
15	0	17
15	0	18
15	0	19
15	0	20
15	0	21
15	0	22
15	0	23
15	0	24
15	0	25
15	0	26
15	0	27
15	0	28
15	0	29
15	0	30
15	0	31
15	0	32
15	0	33
15	0	34
15	0	35
15	0	36
15	0	37
15	0	38
15	0	39
15	0	40
15	0	41
15	0	42
15	0	43
15	0	44
15	0	45
15	0	46
15	0	47
15	0	48
15	0	49
15	0	753
15	0	760
15	0	761
15	0	768
15	0	769
15	0	776
15	0	777
15	0	784
15	0	785
15	0	792
15	0	793
15	0	799
15	0	800
15	0	801
15	0	807
15	0	808
15	0	809
15	0	815
15	0	816
15	0	817
15	0	822
15	0	823
15	0	824
15	0	825
15	0	830
15	0	831
15	0	832
15	0	833
15	0	838
15	0	839
15	0	840
15	0	841
15	0	845
15	0	846
15	0	847
15	0	848
15	0	849
15	0	853
15	0	854
15	0	855
15	0	856
15	0	857
15	0	861
15	0	862
15	0	863
15	0	864
15	0	865
15	0	868
15	0	869
15	0	870
15	0	871
15	0	872
15	0	873
15	0	876
15	0	877
15	0	878
15	0	879
15	0	880
15	0	881
15	0	884
15	0	885
15	0	886
15	0	887
15	0	888
15	0	889
15	0	892
15	0	893
15	0	894
15	0	895
15	0	896
15	0	897
15	0	900
15	0	901
15	0	902
15	0	903
15	0	904
15	0	905
15	0	908
15	0	909
15	0	910
15	0	911
15	0	912
15	0	913
15	0	915
15	0	916
15	0	917
15	0	918
15	0	919
15	0	920
15	0	921
15	0	923
15	0	924
15	0	925
15	0	926
15	0	927
15	0	928
15	0	929
15	0	931
15	0	932
15	0	933
15	0	934
15	0	935
15	0	936
15	0	937
15	0	939
15	0	940
15	0	941
15	0	942
15	0	943
15	0	944
15	0	945
15	0	946
15	0	947
15	0	948
15	0	949
15	0	950
15	0	951
15	0	952
15	0	953
15	0	954
15	0	955
15	0	956
15	0	957
15	0	958
15	0	959
15	0	960
15	0	961
15	0	962
15	0	963
15	0	964
15	0	965
15	0	966
15	0	967
15	0	968
15	0	969
15	0	970
15	0	971
15	0	972
15	0	973
15	0	974
15	0	975
15	0	976
15	0	977
15	0	978
15	0	979
15	0	980
15	0	981
15	0	982
15	0	983
15	0	984
15	0	985
15	0	986
15	0	987
15	0	988
15	0	989
18	0	0
18	0	1
18	0	2
18	0	3
18	0	4
18	0	5
18	0	6
18	0	7
18	0	8
18	0	9
18	0	10
18	0	11
18	0	12
18	0	13
18	0	14
18	0	15
18	0	16
18	0	17
18	0	18
18	0	19
18	0	20
18	0	21
18	0	22
18	0	23
18	0	24
18	0	25
18	0	26
18	0	27
18	0	28
18	0	29
18	0	30
18	0	31
18	0	32
18	0	33
18	0	34
18	0	35
18	0	36
18	0	37
18	0	38
18	0	39
18	0	40
18	0	41
18	0	42
18	0	43
18	0	44
18	0	45
18	0	46
18	0	47
18	0	48
18	0	49
18	0	745
18	0	753
18	0	760
18	0	761
18	0	768
18	0	769
18	0	776
18	0	777
18	0	784
18	0	785
18	0	792
18	0	793
18	0	799
18	0	800
18	0	801
18	0	807
18	0	808
18	0	809
18	0	815
18	0	816
18	0	817
18	0	822
18	0	823
18	0	824
18	0	825
18	0	830
18	0	831
18	0	832
18	0	833
18	0	838
18	0	839
18	0	840
18	0	841
18	0	845
18	0	846
18	0	847
18	0	848
18	0	849
18	0	853
18	0	854
18	0	855
18	0	856
18	0	857
18	0	861
18	0	862
18	0	863
18	0	864
18	0	865
18	0	868
18	0	869
18	0	870
18	0	871
18	0	872
18	0	873
18	0	876
18	0	877
18	0	878
18	0	879
18	0	880
18	0	881
18	0	884
18	0	885
18	0	886
18	0	887
18	0	888
18	0	889
18	0	892
18	0	893
18	0	894
18	0	895
18	0	896
18	0	897
18	0	900
18	0	901
18	0	902
18	0	903
18	0	904
18	0	905
18	0	908
18	0	909
18	0	910
18	0	911
18	0	912
18	0	913
18	0	915
18	0	916
18	0	917
18	0	918
18	0	919
18	0	920
18	0	921
18	0	923
18	0	924
18	0	925
18	0	926
18	0	927
18	0	928
18	0	929
18	0	930
18	0	931
18	0	932
18	0	933
18	0	934
18	0	935
18	0	936
18	0	937
18	0	938
18	0	939
18	0	940
18	0	941
18	0	942
18	0	943
18	0	944
18	0	945
18	0	946
18	0	947
18	0	948
18	0	949
18	0	950
18	0	951
18	0	952
18	0	953
18	0	954
18	0	955
18	0	956
18	0	957
18	0	958
18	0	959
18	0	960
18	0	961
18	0	962
18	0	963
18	0	964
18	0	965
18	0	966
18	0	967
18	0	968
18	0	969
18	0	970
18	0	971
18	0	972
18	0	973
18	0	974
18	0	975
18	0	976
18	0	977
18	0	978
18	0	979
18	0	980
18	0	981
18	0	982
18	0	983
18	0	984
18	0	985
18	0	986
18	0	987
18	0	988
18	0	989
20	0	0
20	0	1
20	0	2
20	0	3
20	0	4
20	0	5
20	0	6
20	0	7
20	0	8
20	0	9
20	0	10
20	0	11
20	0	12
20	0	13
20	0	14
20	0	15
20	0	16
20	0	17
20	0	18
20	0	19
20	0	20
20	0	21
20	0	22
20	0	23
20	0	24
20	0	25
20	0	26
20	0	27
20	0	28
20	0	29
20	0	30
20	0	31
20	0	32
20	0	33
20	0	34
20	0	35
20	0	36
20	0	37
20	0	38
20	0	39
20	0	40
20	0	41
20	0	42
20	0	43
20	0	44
20	0	45
20	0	46
20	0	47
20	0	48
20	0	49
20	0	566
20	0	567
20	0	568
20	0	569
20	0	633
20	0	648
20	0	649
20	0	673
20	0	680
20	0	681
20	0	695
20	0	696
20	0	697
20	0	699
20	0	700
20	0	701
20	0	702
20	0	703
20	0	704
20	0	705
20	0	713
20	0	721
20	0	724
20	0	725
20	0	726
20	0	727
20	0	728
20	0	729
20	0	736
20	0	737
20	0	742
20	0	743
20	0	744
20	0	745
20	0	752
20	0	753
20	0	759
20	0	760
20	0	761
20	0	767
20	0	768
20	0	769
20	0	776
20	0	777
20	0	783
20	0	784
20	0	785
20	0	791
20	0	792
20	0	793
20	0	798
20	0	799
20	0	800
20	0	801
20	0	806
20	0	807
20	0	808
20	0	809
20	0	814
20	0	815
20	0	816
20	0	817
20	0	820
20	0	821
20	0	822
20	0	823
20	0	824
20	0	825
20	0	829
20	0	830
20	0	831
20	0	832
20	0	833
20	0	835
20	0	836
20	0	837
20	0	838
20	0	839
20	0	840
20	0	841
20	0	845
20	0	846
20	0	847
20	0	848
20	0	849
20	0	853
20	0	854
20	0	855
20	0	856
20	0	857
20	0	861
20	0	862
20	0	863
20	0	864
20	0	865
20	0	868
20	0	869
20	0	870
20	0	871
20	0	872
20	0	873
20	0	876
20	0	877
20	0	878
20	0	879
20	0	880
20	0	881
20	0	884
20	0	885
20	0	886
20	0	887
20	0	888
20	0	889
20	0	892
20	0	893
20	0	894
20	0	895
20	0	896
20	0	897
20	0	899
20	0	900
20	0	901
20	0	902
20	0	903
20	0	904
20	0	905
20	0	907
20	0	908
20	0	909
20	0	910
20	0	911
20	0	912
20	0	913
20	0	915
20	0	916
20	0	917
20	0	918
20	0	919
20	0	920
20	0	921
20	0	923
20	0	924
20	0	925
20	0	926
20	0	927
20	0	928
20	0	929
20	0	931
20	0	932
20	0	933
20	0	934
20	0	935
20	0	936
20	0	937
20	0	939
20	0	940
20	0	941
20	0	942
20	0	943
20	0	944
20	0	945
20	0	947
20	0	948
20	0	949
20	0	950
20	0	951
20	0	952
20	0	953
20	0	954
20	0	955
20	0	956
20	0	957
20	0	958
20	0	959
20	0	960
20	0	961
20	0	962
20	0	963
20	0	964
20	0	965
20	0	966
20	0	967
20	0	968
20	0	969
20	0	970
20	0	971
20	0	972
20	0	973
20	0	974
20	0	975
20	0	976
20	0	977
20	0	978
20	0	979
20	0	980
20	0	981
20	0	982
20	0	983
20	0	984
20	0	985
20	0	986
20	0	987
20	0	988
20	0	989
30	0	0
30	0	1
30	0	2
30	0	3
30	0	4
30	0	5
30	0	6
30	0	7
30	0	8
30	0	9
30	0	10
30	0	11
30	0	12
30	0	13
30	0	14
30	0	15
30	0	16
30	0	17
30	0	18
30	0	19
30	0	20
30	0	21
30	0	22
30	0	23
30	0	24
30	0	25
30	0	26
30	0	27
30	0	28
30	0	29
30	0	30
30	0	31
30	0	32
30	0	33
30	0	34
30	0	35
30	0	36
30	0	37
30	0	38
30	0	39
30	0	40
30	0	41
30	0	42
30	0	43
30	0	44
30	0	45
30	0	46
30	0	47
30	0	48
30	0	49
30	0	566
30	0	567
30	0	568
30	0	569
30	0	633
30	0	648
30	0	649
30	0	673
30	0	680
30	0	681
30	0	695
30	0	696
30	0	697
30	0	699
30	0	700
30	0	701
30	0	702
30	0	703
30	0	704
30	0	705
30	0	713
30	0	721
30	0	724
30	0	725
30	0	726
30	0	727
30	0	728
30	0	729
30	0	736
30	0	737
30	0	742
30	0	743
30	0	744
30	0	745
30	0	752
30	0	753
30	0	759
30	0	760
30	0	761
30	0	767
30	0	768
30	0	769
30	0	776
30	0	777
30	0	783
30	0	784
30	0	785
30	0	791
30	0	792
30	0	793
30	0	798
30	0	799
30	0	800
30	0	801
30	0	806
30	0	807
30	0	808
30	0	809
30	0	814
30	0	815
30	0	816
30	0	817
30	0	820
30	0	821
30	0	822
30	0	823
30	0	824
30	0	825
30	0	829
30	0	830
30	0	831
30	0	832
30	0	833
30	0	835
30	0	836
30	0	837
30	0	838
30	0	839
30	0	840
30	0	841
30	0	845
30	0	846
30	0	847
30	0	848
30	0	849
30	0	852
30	0	853
30	0	854
30	0	855
30	0	856
30	0	857
30	0	860
30	0	861
30	0	862
30	0	863
30	0	864
30	0	865
30	0	868
30	0	869
30	0	870
30	0	871
30	0	872
30	0	873
30	0	876
30	0	877
30	0	878
30	0	879
30	0	880
30	0	881
30	0	884
30	0	885
30	0	886
30	0	887
30	0	888
30	0	889
30	0	892
30	0	893
30	0	894
30	0	895
30	0	896
30	0	897
30	0	899
30	0	900
30	0	901
30	0	902
30	0	903
30	0	904
30	0	905
30	0	907
30	0	908
30	0	909
30	0	910
30	0	911
30	0	912
30	0	913
30	0	914
30	0	915
30	0	916
30	0	917
30	0	918
30	0	919
30	0	920
30	0	921
30	0	923
30	0	924
30	0	925
30	0	926
30	0	927
30	0	928
30	0	929
30	0	931
30	0	932
30	0	933
30	0	934
30	0	935
30	0	936
30	0	937
30	0	939
30	0	940
30	0	941
30	0	942
30	0	943
30	0	944
30	0	945
30	0	947
30	0	948
30	0	949
30	0	950
30	0	951
30	0	952
30	0	953
30	0	954
30	0	955
30	0	956
30	0	957
30	0	958
30	0	959
30	0	960
30	0	961
30	0	962
30	0	963
30	0	964
30	0	965
30	0	966
30	0	967
30	0	968
30	0	969
30	0	970
30	0	971
30	0	972
30	0	973
30	0	974
30	0	975
30	0	976
30	0	977
30	0	978
30	0	979
30	0	980
30	0	981
30	0	982
30	0	983
30	0	984
30	0	985
30	0	986
30	0	987
30	0	988
30	0	989
40	0	0
40	0	1
40	0	2
40	0	3
40	0	4
40	0	5
40	0	6
40	0	7
40	0	8
40	0	9
40	0	10
40	0	11
40	0	12
40	0	13
40	0	14
40	0	15
40	0	16
40	0	17
40	0	18
40	0	19
40	0	20
40	0	21
40	0	22
40	0	23
40	0	24
40	0	25
40	0	26
40	0	27
40	0	28
40	0	29
40	0	30
40	0	31
40	0	32
40	0	33
40	0	34
40	0	35
40	0	36
40	0	37
40	0	38
40	0	39
40	0	40
40	0	41
40	0	42
40	0	43
40	0	44
40	0	45
40	0	46
40	0	47
40	0	48
40	0	49
40	0	566
40	0	567
40	0	568
40	0	569
40	0	632
40	0	633
40	0	648
40	0	649
40	0	673
40	0	680
40	0	681
40	0	694
40	0	695
40	0	696
40	0	697
40	0	699
40	0	700
40	0	701
40	0	702
40	0	703
40	0	704
40	0	705
40	0	713
40	0	721
40	0	724
40	0	725
40	0	726
40	0	727
40	0	728
40	0	729
40	0	736
40	0	737
40	0	742
40	0	743
40	0	744
40	0	745
40	0	752
40	0	753
40	0	759
40	0	760
40	0	761
40	0	767
40	0	768
40	0	769
40	0	775
40	0	776
40	0	777
40	0	783
40	0	784
40	0	785
40	0	791
40	0	792
40	0	793
40	0	797
40	0	798
40	0	799
40	0	800
40	0	801
40	0	806
40	0	807
40	0	808
40	0	809
40	0	814
40	0	815
40	0	816
40	0	817
40	0	820
40	0	821
40	0	822
40	0	823
40	0	824
40	0	825
40	0	829
40	0	830
40	0	831
40	0	832
40	0	833
40	0	835
40	0	836
40	0	837
40	0	838
40	0	839
40	0	840
40	0	841
40	0	845
40	0	846
40	0	847
40	0	848
40	0	849
40	0	852
40	0	853
40	0	854
40	0	855
40	0	856
40	0	857
40	0	860
40	0	861
40	0	862
40	0	863
40	0	864
40	0	865
40	0	868
40	0	869
40	0	870
40	0	871
40	0	872
40	0	873
40	0	876
40	0	877
40	0	878
40	0	879
40	0	880
40	0	881
40	0	884
40	0	885
40	0	886
40	0	887
40	0	888
40	0	889
40	0	892
40	0	893
40	0	894
40	0	895
40	0	896
40	0	897
40	0	899
40	0	900
40	0	901
40	0	902
40	0	903
40	0	904
40	0	905
40	0	907
40	0	908
40	0	909
40	0	910
40	0	911
40	0	912
40	0	913
40	0	914
40	0	915
40	0	916
40	0	917
40	0	918
40	0	919
40	0	920
40	0	921
40	0	923
40	0	924
40	0	925
40	0	926
40	0	927
40	0	928
40	0	929
40	0	931
40	0	932
40	0	933
40	0	934
40	0	935
40	0	936
40	0	937
40	0	939
40	0	940
40	0	941
40	0	942
40	0	943
40	0	944
40	0	945
40	0	947
40	0	948
40	0	949
40	0	950
40	0	951
40	0	952
40	0	953
40	0	954
40	0	955
40	0	956
40	0	957
40	0	958
40	0	959
40	0	960
40	0	961
40	0	962
40	0	963
40	0	964
40	0	965
40	0	966
40	0	967
40	0	968
40	0	969
40	0	970
40	0	971
40	0	972
40	0	973
40	0	974
40	0	975
40	0	976
40	0	977
40	0	978
40	0	979
40	0	980
40	0	981
40	0	982
40	0	983
40	0	984
40	0	985
40	0	986
40	0	987
40	0	988
40	0	989
50	0	0
50	0	1
50	0	2
50	0	3
50	0	4
50	0	5
50	0	6
50	0	7
50	0	8
50	0	9
50	0	10
50	0	11
50	0	12
50	0	13
50	0	14
50	0	15
50	0	16
50	0	17
50	0	18
50	0	19
50	0	20
50	0	21
50	0	22
50	0	23
50	0	24
50	0	25
50	0	26
50	0	27
50	0	28
50	0	29
50	0	30
50	0	31
50	0	32
50	0	33
50	0	34
50	0	35
50	0	36
50	0	37
50	0	38
50	0	39
50	0	40
50	0	41
50	0	42
50	0	43
50	0	44
50	0	45
50	0	46
50	0	47
50	0	48
50	0	49
50	0	565
50	0	566
50	0	567
50	0	568
50	0	569
50	0	632
50	0	633
50	0	647
50	0	648
50	0	649
50	0	673
50	0	679
50	0	680
50	0	681
50	0	689
50	0	694
50	0	695
50	0	696
50	0	697
50	0	698
50	0	699
50	0	700
50	0	701
50	0	702
50	0	703
50	0	704
50	0	705
50	0	713
50	0	720
50	0	721
50	0	723
50	0	724
50	0	725
50	0	726
50	0	727
50	0	728
50	0	729
50	0	736
50	0	737
50	0	742
50	0	743
50	0	744
50	0	745
50	0	751
50	0	752
50	0	753
50	0	759
50	0	760
50	0	761
50	0	767
50	0	768
50	0	769
50	0	775
50	0	776
50	0	777
50	0	783
50	0	784
50	0	785
50	0	790
50	0	791
50	0	792
50	0	793
50	0	797
50	0	798
50	0	799
50	0	800
50	0	801
50	0	805
50	0	806
50	0	807
50	0	808
50	0	809
50	0	814
50	0	815
50	0	816
50	0	817
50	0	820
50	0	821
50	0	822
50	0	823
50	0	824
50	0	825
50	0	829
50	0	830
50	0	831
50	0	832
50	0	833
50	0	835
50	0	836
50	0	837
50	0	838
50	0	839
50	0	840
50	0	841
50	0	844
50	0	845
50	0	846
50	0	847
50	0	848
50	0	849
50	0	852
50	0	853
50	0	854
50	0	855
50	0	856
50	0	857
50	0	860
50	0	861
50	0	862
50	0	863
50	0	864
50	0	865
50	0	867
50	0	868
50	0	869
50	0	870
50	0	871
50	0	872
50	0	873
50	0	876
50	0	877
50	0	878
50	0	879
50	0	880
50	0	881
50	0	883
50	0	884
50	0	885
50	0	886
50	0	887
50	0	888
50	0	889
50	0	892
50	0	893
50	0	894
50	0	895
50	0	896
50	0	897
50	0	899
50	0	900
50	0	901
50	0	902
50	0	903
50	0	904
50	0	905
50	0	907
50	0	908
50	0	909
50	0	910
50	0	911
50	0	912
50	0	913
50	0	914
50	0	915
50	0	916
50	0	917
50	0	918
50	0	919
50	0	920
50	0	921
50	0	923
50	0	924
50	0	925
50	0	926
50	0	927
50	0	928
50	0	929
50	0	931
50	0	932
50	0	933
50	0	934
50	0	935
50	0	936
50	0	937
50	0	939
50	0	940
50	0	941
50	0	942
50	0	943
50	0	944
50	0	945
50	0	946
50	0	947
50	0	948
50	0	949
50	0	950
50	0	951
50	0	952
50	0	953
50	0	954
50	0	955
50	0	956
50	0	957
50	0	958
50	0	959
50	0	960
50	0	961
50	0	962
50	0	963
50	0	964
50	0	965
50	0	966
50	0	967
50	0	968
50	0	969
50	0	970
50	0	971
50	0	972
50	0	973
50	0	974
50	0	975
50	0	976
50	0	977
50	0	978
50	0	979
50	0	980
50	0	981
50	0	982
50	0	983
50	0	984
50	0	985
50	0	986
50	0	987
50	0	988
50	0	989
60	0	0
60	0	1
60	0	2
60	0	3
60	0	4
60	0	5
60	0	6
60	0	7
60	0	8
60	0	9
60	0	10
60	0	11
60	0	12
60	0	13
60	0	14
60	0	15
60	0	16
60	0	17
60	0	18
60	0	19
60	0	20
60	0	21
60	0	22
60	0	23
60	0	24
60	0	25
60	0	26
60	0	27
60	0	28
60	0	29
60	0	30
60	0	31
60	0	32
60	0	33
60	0	34
60	0	35
60	0	36
60	0	37
60	0	38
60	0	39
60	0	40
60	0	41
60	0	42
60	0	43
60	0	44
60	0	45
60	0	46
60	0	47
60	0	48
60	0	49
60	0	313
60	0	320
60	0	321
60	0	331
60	0	332
60	0	333
60	0	334
60	0	335
60	0	336
60	0	337
60	0	350
60	0	351
60	0	352
60	0	353
60	0	364
60	0	365
60	0	366
60	0	367
60	0	368
60	0	369
60	0	374
60	0	375
60	0	376
60	0	377
60	0	381
60	0	382
60	0	383
60	0	384
60	0	385
60	0	387
60	0	388
60	0	389
60	0	390
60	0	391
60	0	392
60	0	393
60	0	395
60	0	396
60	0	397
60	0	398
60	0	399
60	0	400
60	0	401
60	0	407
60	0	408
60	0	409
60	0	411
60	0	412
60	0	413
60	0	414
60	0	415
60	0	416
60	0	417
60	0	419
60	0	420
60	0	421
60	0	422
60	0	423
60	0	424
60	0	425
60	0	431
60	0	432
60	0	433
60	0	436
60	0	437
60	0	438
60	0	439
60	0	440
60	0	441
60	0	443
60	0	444
60	0	445
60	0	446
60	0	447
60	0	448
60	0	449
60	0	452
60	0	453
60	0	454
60	0	455
60	0	456
60	0	457
60	0	461
60	0	462
60	0	463
60	0	464
60	0	465
60	0	469
60	0	470
60	0	471
60	0	472
60	0	473
60	0	476
60	0	477
60	0	478
60	0	479
60	0	480
60	0	481
60	0	485
60	0	486
60	0	487
60	0	488
60	0	489
60	0	493
60	0	494
60	0	495
60	0	496
60	0	497
60	0	499
60	0	500
60	0	501
60	0	502
60	0	503
60	0	504
60	0	505
60	0	508
60	0	509
60	0	510
60	0	511
60	0	512
60	0	513
60	0	515
60	0	516
60	0	517
60	0	518
60	0	519
60	0	520
60	0	521
60	0	523
60	0	524
60	0	525
60	0	526
60	0	527
60	0	528
60	0	529
60	0	531
60	0	532
60	0	533
60	0	534
60	0	535
60	0	536
60	0	537
60	0	539
60	0	540
60	0	541
60	0	542
60	0	543
60	0	544
60	0	545
60	0	551
60	0	552
60	0	553
60	0	555
60	0	556
60	0	557
60	0	558
60	0	559
60	0	560
60	0	561
60	0	563
60	0	564
60	0	565
60	0	566
60	0	567
60	0	568
60	0	569
60	0	571
60	0	572
60	0	573
60	0	574
60	0	575
60	0	576
60	0	577
60	0	581
60	0	582
60	0	583
60	0	584
60	0	585
60	0	588
60	0	589
60	0	590
60	0	591
60	0	592
60	0	593
60	0	596
60	0	597
60	0	598
60	0	599
60	0	600
60	0	601
60	0	602
60	0	603
60	0	604
60	0	605
60	0	606
60	0	607
60	0	608
60	0	609
60	0	611
60	0	612
60	0	613
60	0	614
60	0	615
60	0	616
60	0	617
60	0	619
60	0	620
60	0	621
60	0	622
60	0	623
60	0	624
60	0	625
60	0	627
60	0	628
60	0	629
60	0	630
60	0	631
60	0	632
60	0	633
60	0	635
60	0	636
60	0	637
60	0	638
60	0	639
60	0	640
60	0	641
60	0	643
60	0	644
60	0	645
60	0	646
60	0	647
60	0	648
60	0	649
60	0	652
60	0	653
60	0	654
60	0	655
60	0	656
60	0	657
60	0	659
60	0	660
60	0	661
60	0	662
60	0	663
60	0	664
60	0	665
60	0	667
60	0	668
60	0	669
60	0	670
60	0	671
60	0	672
60	0	673
60	0	675
60	0	676
60	0	677
60	0	678
60	0	679
60	0	680
60	0	681
60	0	683
60	0	684
60	0	685
60	0	686
60	0	687
60	0	688
60	0	689
60	0	691
60	0	692
60	0	693
60	0	694
60	0	695
60	0	696
60	0	697
60	0	698
60	0	699
60	0	700
60	0	701
60	0	702
60	0	703
60	0	704
60	0	705
60	0	707
60	0	708
60	0	709
60	0	710
60	0	711
60	0	712
60	0	713
60	0	715
60	0	716
60	0	717
60	0	718
60	0	719
60	0	720
60	0	721
60	0	722
60	0	723
60	0	724
60	0	725
60	0	726
60	0	727
60	0	728
60	0	729
60	0	730
60	0	731
60	0	732
60	0	733
60	0	734
60	0	735
60	0	736
60	0	737
60	0	739
60	0	740
60	0	741
60	0	742
60	0	743
60	0	744
60	0	745
60	0	747
60	0	748
60	0	749
60	0	750
60	0	751
60	0	752
60	0	753
60	0	755
60	0	756
60	0	757
60	0	758
60	0	759
60	0	760
60	0	761
60	0	763
60	0	764
60	0	765
60	0	766
60	0	767
60	0	768
60	0	769
60	0	771
60	0	772
60	0	773
60	0	774
60	0	775
60	0	776
60	0	777
60	0	778
60	0	779
60	0	780
60	0	781
60	0	782
60	0	783
60	0	784
60	0	785
60	0	787
60	0	788
60	0	789
60	0	790
60	0	791
60	0	792
60	0	793
60	0	795
60	0	796
60	0	797
60	0	798
60	0	799
60	0	800
60	0	801
60	0	802
60	0	803
60	0	804
60	0	805
60	0	806
60	0	807
60	0	808
60	0	809
60	0	811
60	0	812
60	0	813
60	0	814
60	0	815
60	0	816
60	0	817
60	0	819
60	0	820
60	0	821
60	0	822
60	0	823
60	0	824
60	0	825
60	0	826
60	0	827
60	0	828
60	0	829
60	0	830
60	0	831
60	0	832
60	0	833
60	0	835
60	0	836
60	0	837
60	0	838
60	0	839
60	0	840
60	0	841
60	0	843
60	0	844
60	0	845
60	0	846
60	0	847
60	0	848
60	0	849
60	0	851
60	0	852
60	0	853
60	0	854
60	0	855
60	0	856
60	0	857
60	0	859
60	0	860
60	0	861
60	0	862
60	0	863
60	0	864
60	0	865
60	0	867
60	0	868
60	0	869
60	0	870
60	0	871
60	0	872
60	0	873
60	0	875
60	0	876
60	0	877
60	0	878
60	0	879
60	0	880
60	0	881
60	0	882
60	0	883
60	0	884
60	0	885
60	0	886
60	0	887
60	0	888
60	0	889
60	0	891
60	0	892
60	0	893
60	0	894
60	0	895
60	0	896
60	0	897
60	0	899
60	0	900
60	0	901
60	0	902
60	0	903
60	0	904
60	0	905
60	0	907
60	0	908
60	0	909
60	0	910
60	0	911
60	0	912
60	0	913
60	0	915
60	0	916
60	0	917
60	0	918
60	0	919
60	0	920
60	0	921
60	0	923
60	0	924
60	0	925
60	0	926
60	0	927
60	0	928
60	0	929
60	0	930
60	0	931
60	0	932
60	0	933
60	0	934
60	0	935
60	0	936
60	0	937
60	0	939
60	0	940
60	0	941
60	0	942
60	0	943
60	0	944
60	0	945
60	0	947
60	0	948
60	0	949
60	0	950
60	0	951
60	0	952
60	0	953
60	0	954
60	0	955
60	0	956
60	0	957
60	0	958
60	0	959
60	0	960
60	0	961
60	0	962
60	0	963
60	0	964
60	0	965
60	0	966
60	0	967
60	0	968
60	0	969
60	0	970
60	0	971
60	0	972
60	0	973
60	0	974
60	0	975
60	0	976
60	0	977
60	0	978
60	0	979
60	0	980
60	0	981
60	0	982
60	0	983
60	0	984
60	0	985
60	0	986
60	0	987
60	0	988
60	0	989
70	0	0
70	0	1
70	0	2
70	0	3
70	0	4
70	0	5
70	0	6
70	0	7
70	0	8
70	0	9
70	0	10
70	0	11
70	0	12
70	0	13
70	0	14
70	0	15
70	0	16
70	0	17
70	0	18
70	0	19
70	0	20
70	0	21
70	0	22
70	0	23
70	0	24
70	0	25
70	0	26
70	0	27
70	0	28
70	0	29
70	0	30
70	0	31
70	0	32
70	0	33
70	0	34
70	0	35
70	0	36
70	0	37
70	0	38
70	0	39
70	0	40
70	0	41
70	0	42
70	0	43
70	0	44
70	0	45
70	0	46
70	0	47
70	0	48
70	0	49
70	0	313
70	0	320
70	0	321
70	0	331
70	0	332
70	0	333
70	0	334
70	0	335
70	0	336
70	0	337
70	0	350
70	0	351
70	0	352
70	0	353
70	0	364
70	0	365
70	0	366
70	0	367
70	0	368
70	0	369
70	0	373
70	0	374
70	0	375
70	0	376
70	0	377
70	0	381
70	0	382
70	0	383
70	0	384
70	0	385
70	0	387
70	0	388
70	0	389
70	0	390
70	0	391
70	0	392
70	0	393
70	0	395
70	0	396
70	0	397
70	0	398
70	0	399
70	0	400
70	0	401
70	0	407
70	0	408
70	0	409
70	0	411
70	0	412
70	0	413
70	0	414
70	0	415
70	0	416
70	0	417
70	0	419
70	0	420
70	0	421
70	0	422
70	0	423
70	0	424
70	0	425
70	0	431
70	0	432
70	0	433
70	0	436
70	0	437
70	0	438
70	0	439
70	0	440
70	0	441
70	0	443
70	0	444
70	0	445
70	0	446
70	0	447
70	0	448
70	0	449
70	0	452
70	0	453
70	0	454
70	0	455
70	0	456
70	0	457
70	0	460
70	0	461
70	0	462
70	0	463
70	0	464
70	0	465
70	0	469
70	0	470
70	0	471
70	0	472
70	0	473
70	0	476
70	0	477
70	0	478
70	0	479
70	0	480
70	0	481
70	0	485
70	0	486
70	0	487
70	0	488
70	0	489
70	0	493
70	0	494
70	0	495
70	0	496
70	0	497
70	0	498
70	0	499
70	0	500
70	0	501
70	0	502
70	0	503
70	0	504
70	0	505
70	0	508
70	0	509
70	0	510
70	0	511
70	0	512
70	0	513
70	0	515
70	0	516
70	0	517
70	0	518
70	0	519
70	0	520
70	0	521
70	0	523
70	0	524
70	0	525
70	0	526
70	0	527
70	0	528
70	0	529
70	0	531
70	0	532
70	0	533
70	0	534
70	0	535
70	0	536
70	0	537
70	0	539
70	0	540
70	0	541
70	0	542
70	0	543
70	0	544
70	0	545
70	0	550
70	0	551
70	0	552
70	0	553
70	0	555
70	0	556
70	0	557
70	0	558
70	0	559
70	0	560
70	0	561
70	0	563
70	0	564
70	0	565
70	0	566
70	0	567
70	0	568
70	0	569
70	0	571
70	0	572
70	0	573
70	0	574
70	0	575
70	0	576
70	0	577
70	0	580
70	0	581
70	0	582
70	0	583
70	0	584
70	0	585
70	0	587
70	0	588
70	0	589
70	0	590
70	0	591
70	0	592
70	0	593
70	0	596
70	0	597
70	0	598
70	0	599
70	0	600
70	0	601
70	0	602
70	0	603
70	0	604
70	0	605
70	0	606
70	0	607
70	0	608
70	0	609
70	0	610
70	0	611
70	0	612
70	0	613
70	0	614
70	0	615
70	0	616
70	0	617
70	0	619
70	0	620
70	0	621
70	0	622
70	0	623
70	0	624
70	0	625
70	0	627
70	0	628
70	0	629
70	0	630
70	0	631
70	0	632
70	0	633
70	0	635
70	0	636
70	0	637
70	0	638
70	0	639
70	0	640
70	0	641
70	0	643
70	0	644
70	0	645
70	0	646
70	0	647
70	0	648
70	0	649
70	0	651
70	0	652
70	0	653
70	0	654
70	0	655
70	0	656
70	0	657
70	0	659
70	0	660
70	0	661
70	0	662
70	0	663
70	0	664
70	0	665
70	0	667
70	0	668
70	0	669
70	0	670
70	0	671
70	0	672
70	0	673
70	0	675
70	0	676
70	0	677
70	0	678
70	0	679
70	0	680
70	0	681
70	0	683
70	0	684
70	0	685
70	0	686
70	0	687
70	0	688
70	0	689
70	0	691
70	0	692
70	0	693
70	0	694
70	0	695
70	0	696
70	0	697
70	0	698
70	0	699
70	0	700
70	0	701
70	0	702
70	0	703
70	0	704
70	0	705
70	0	706
70	0	707
70	0	708
70	0	709
70	0	710
70	0	711
70	0	712
70	0	713
70	0	715
70	0	716
70	0	717
70	0	718
70	0	719
70	0	720
70	0	721
70	0	722
70	0	723
70	0	724
70	0	725
70	0	726
70	0	727
70	0	728
70	0	729
70	0	730
70	0	731
70	0	732
70	0	733
70	0	734
70	0	735
70	0	736
70	0	737
70	0	738
70	0	739
70	0	740
70	0	741
70	0	742
70	0	743
70	0	744
70	0	745
70	0	747
70	0	748
70	0	749
70	0	750
70	0	751
70	0	752
70	0	753
70	0	755
70	0	756
70	0	757
70	0	758
70	0	759
70	0	760
70	0	761
70	0	762
70	0	763
70	0	764
70	0	765
70	0	766
70	0	767
70	0	768
70	0	769
70	0	770
70	0	771
70	0	772
70	0	773
70	0	774
70	0	775
70	0	776
70	0	777
70	0	778
70	0	779
70	0	780
70	0	781
70	0	782
70	0	783
70	0	784
70	0	785
70	0	787
70	0	788
70	0	789
70	0	790
70	0	791
70	0	792
70	0	793
70	0	795
70	0	796
70	0	797
70	0	798
70	0	799
70	0	800
70	0	801
70	0	802
70	0	803
70	0	804
70	0	805
70	0	806
70	0	807
70	0	808
70	0	809
70	0	811
70	0	812
70	0	813
70	0	814
70	0	815
70	0	816
70	0	817
70	0	819
70	0	820
70	0	821
70	0	822
70	0	823
70	0	824
70	0	825
70	0	826
70	0	827
70	0	828
70	0	829
70	0	830
70	0	831
70	0	832
70	0	833
70	0	834
70	0	835
70	0	836
70	0	837
70	0	838
70	0	839
70	0	840
70	0	841
70	0	842
70	0	843
70	0	844
70	0	845
70	0	846
70	0	847
70	0	848
70	0	849
70	0	850
70	0	851
70	0	852
70	0	853
70	0	854
70	0	855
70	0	856
70	0	857
70	0	858
70	0	859
70	0	860
70	0	861
70	0	862
70	0	863
70	0	864
70	0	865
70	0	866
70	0	867
70	0	868
70	0	869
70	0	870
70	0	871
70	0	872
70	0	873
70	0	874
70	0	875
70	0	876
70	0	877
70	0	878
70	0	879
70	0	880
70	0	881
70	0	882
70	0	883
70	0	884
70	0	885
70	0	886
70	0	887
70	0	888
70	0	889
70	0	890
70	0	891
70	0	892
70	0	893
70	0	894
70	0	895
70	0	896
70	0	897
70	0	898
70	0	899
70	0	900
70	0	901
70	0	902
70	0	903
70	0	904
70	0	905
70	0	906
70	0	907
70	0	908
70	0	909
70	0	910
70	0	911
70	0	912
70	0	913
70	0	915
70	0	916
70	0	917
70	0	918
70	0	919
70	0	920
70	0	921
70	0	922
70	0	923
70	0	924
70	0	925
70	0	926
70	0	927
70	0	928
70	0	929
70	0	930
70	0	931
70	0	932
70	0	933
70	0	934
70	0	935
70	0	936
70	0	937
70	0	938
70	0	939
70	0	940
70	0	941
70	0	942
70	0	943
70	0	944
70	0	945
70	0	946
70	0	947
70	0	948
70	0	949
70	0	950
70	0	951
70	0	952
70	0	953
70	0	954
70	0	955
70	0	956
70	0	957
70	0	958
70	0	959
70	0	960
70	0	961
70	0	962
70	0	963
70	0	964
70	0	965
70	0	966
70	0	967
70	0	968
70	0	969
70	0	970
70	0	971
70	0	972
70	0	973
70	0	974
70	0	975
70	0	976
70	0	977
70	0	978
70	0	979
70	0	980
70	0	981
70	0	982
70	0	983
70	0	984
70	0	985
70	0	986
70	0	987
70	0	988
70	0	989
80	0	0
80	0	1
80	0	2
80	0	3
80	0	4
80	0	5
80	0	6
80	0	7
80	0	8
80	0	9
80	0	10
80	0	11
80	0	12
80	0	13
80	0	14
80	0	15
80	0	16
80	0	17
80	0	18
80	0	19
80	0	20
80	0	21
80	0	22
80	0	23
80	0	24
80	0	25
80	0	26
80	0	27
80	0	28
80	0	29
80	0	30
80	0	31
80	0	32
80	0	33
80	0	34
80	0	35
80	0	36
80	0	37
80	0	38
80	0	39
80	0	40
80	0	41
80	0	42
80	0	43
80	0	44
80	0	45
80	0	46
80	0	47
80	0	48
80	0	49
80	0	312
80	0	313
80	0	319
80	0	320
80	0	321
80	0	331
80	0	332
80	0	333
80	0	334
80	0	335
80	0	336
80	0	337
80	0	349
80	0	350
80	0	351
80	0	352
80	0	353
80	0	364
80	0	365
80	0	366
80	0	367
80	0	368
80	0	369
80	0	373
80	0	374
80	0	375
80	0	376
80	0	377
80	0	380
80	0	381
80	0	382
80	0	383
80	0	384
80	0	385
80	0	386
80	0	387
80	0	388
80	0	389
80	0	390
80	0	391
80	0	392
80	0	393
80	0	395
80	0	396
80	0	397
80	0	398
80	0	399
80	0	400
80	0	401
80	0	407
80	0	408
80	0	409
80	0	411
80	0	412
80	0	413
80	0	414
80	0	415
80	0	416
80	0	417
80	0	419
80	0	420
80	0	421
80	0	422
80	0	423
80	0	424
80	0	425
80	0	431
80	0	432
80	0	433
80	0	436
80	0	437
80	0	438
80	0	439
80	0	440
80	0	441
80	0	443
80	0	444
80	0	445
80	0	446
80	0	447
80	0	448
80	0	449
80	0	452
80	0	453
80	0	454
80	0	455
80	0	456
80	0	457
80	0	460
80	0	461
80	0	462
80	0	463
80	0	464
80	0	465
80	0	469
80	0	470
80	0	471
80	0	472
80	0	473
80	0	476
80	0	477
80	0	478
80	0	479
80	0	480
80	0	481
80	0	485
80	0	486
80	0	487
80	0	488
80	0	489
80	0	492
80	0	493
80	0	494
80	0	495
80	0	496
80	0	497
80	0	498
80	0	499
80	0	500
80	0	501
80	0	502
80	0	503
80	0	504
80	0	505
80	0	508
80	0	509
80	0	510
80	0	511
80	0	512
80	0	513
80	0	515
80	0	516
80	0	517
80	0	518
80	0	519
80	0	520
80	0	521
80	0	522
80	0	523
80	0	524
80	0	525
80	0	526
80	0	527
80	0	528
80	0	529
80	0	531
80	0	532
80	0	533
80	0	534
80	0	535
80	0	536
80	0	537
80	0	539
80	0	540
80	0	541
80	0	542
80	0	543
80	0	544
80	0	545
80	0	550
80	0	551
80	0	552
80	0	553
80	0	555
80	0	556
80	0	557
80	0	558
80	0	559
80	0	560
80	0	561
80	0	563
80	0	564
80	0	565
80	0	566
80	0	567
80	0	568
80	0	569
80	0	571
80	0	572
80	0	573
80	0	574
80	0	575
80	0	576
80	0	577
80	0	580
80	0	581
80	0	582
80	0	583
80	0	584
80	0	585
80	0	587
80	0	588
80	0	589
80	0	590
80	0	591
80	0	592
80	0	593
80	0	596
80	0	597
80	0	598
80	0	599
80	0	600
80	0	601
80	0	602
80	0	603
80	0	604
80	0	605
80	0	606
80	0	607
80	0	608
80	0	609
80	0	610
80	0	611
80	0	612
80	0	613
80	0	614
80	0	615
80	0	616
80	0	617
80	0	619
80	0	620
80	0	621
80	0	622
80	0	623
80	0	624
80	0	625
80	0	626
80	0	627
80	0	628
80	0	629
80	0	630
80	0	631
80	0	632
80	0	633
80	0	634
80	0	635
80	0	636
80	0	637
80	0	638
80	0	639
80	0	640
80	0	641
80	0	642
80	0	643
80	0	644
80	0	645
80	0	646
80	0	647
80	0	648
80	0	649
80	0	651
80	0	652
80	0	653
80	0	654
80	0	655
80	0	656
80	0	657
80	0	658
80	0	659
80	0	660
80	0	661
80	0	662
80	0	663
80	0	664
80	0	665
80	0	666
80	0	667
80	0	668
80	0	669
80	0	670
80	0	671
80	0	672
80	0	673
80	0	674
80	0	675
80	0	676
80	0	677
80	0	678
80	0	679
80	0	680
80	0	681
80	0	682
80	0	683
80	0	684
80	0	685
80	0	686
80	0	687
80	0	688
80	0	689
80	0	691
80	0	692
80	0	693
80	0	694
80	0	695
80	0	696
80	0	697
80	0	698
80	0	699
80	0	700
80	0	701
80	0	702
80	0	703
80	0	704
80	0	705
80	0	706
80	0	707
80	0	708
80	0	709
80	0	710
80	0	711
80	0	712
80	0	713
80	0	715
80	0	716
80	0	717
80	0	718
80	0	719
80	0	720
80	0	721
80	0	722
80	0	723
80	0	724
80	0	725
80	0	726
80	0	727
80	0	728
80	0	729
80	0	730
80	0	731
80	0	732
80	0	733
80	0	734
80	0	735
80	0	736
80	0	737
80	0	738
80	0	739
80	0	740
80	0	741
80	0	742
80	0	743
80	0	744
80	0	745
80	0	746
80	0	747
80	0	748
80	0	749
80	0	750
80	0	751
80	0	752
80	0	753
80	0	755
80	0	756
80	0	757
80	0	758
80	0	759
80	0	760
80	0	761
80	0	762
80	0	763
80	0	764
80	0	765
80	0	766
80	0	767
80	0	768
80	0	769
80	0	770
80	0	771
80	0	772
80	0	773
80	0	774
80	0	775
80	0	776
80	0	777
80	0	778
80	0	779
80	0	780
80	0	781
80	0	782
80	0	783
80	0	784
80	0	785
80	0	786
80	0	787
80	0	788
80	0	789
80	0	790
80	0	791
80	0	792
80	0	793
80	0	795
80	0	796
80	0	797
80	0	798
80	0	799
80	0	800
80	0	801
80	0	802
80	0	803
80	0	804
80	0	805
80	0	806
80	0	807
80	0	808
80	0	809
80	0	810
80	0	811
80	0	812
80	0	813
80	0	814
80	0	815
80	0	816
80	0	817
80	0	818
80	0	819
80	0	820
80	0	821
80	0	822
80	0	823
80	0	824
80	0	825
80	0	826
80	0	827
80	0	828
80	0	829
80	0	830
80	0	831
80	0	832
80	0	833
80	0	834
80	0	835
80	0	836
80	0	837
80	0	838
80	0	839
80	0	840
80	0	841
80	0	842
80	0	843
80	0	844
80	0	845
80	0	846
80	0	847
80	0	848
80	0	849
80	0	850
80	0	851
80	0	852
80	0	853
80	0	854
80	0	855
80	0	856
80	0	857
80	0	858
80	0	859
80	0	860
80	0	861
80	0	862
80	0	863
80	0	864
80	0	865
80	0	866
80	0	867
80	0	868
80	0	869
80	0	870
80	0	871
80	0	872
80	0	873
80	0	874
80	0	875
80	0	876
80	0	877
80	0	878
80	0	879
80	0	880
80	0	881
80	0	882
80	0	883
80	0	884
80	0	885
80	0	886
80	0	887
80	0	888
80	0	889
80	0	890
80	0	891
80	0	892
80	0	893
80	0	894
80	0	895
80	0	896
80	0	897
80	0	898
80	0	899
80	0	900
80	0	901
80	0	902
80	0	903
80	0	904
80	0	905
80	0	906
80	0	907
80	0	908
80	0	909
80	0	910
80	0	911
80	0	912
80	0	913
80	0	915
80	0	916
80	0	917
80	0	918
80	0	919
80	0	920
80	0	921
80	0	922
80	0	923
80	0	924
80	0	925
80	0	926
80	0	927
80	0	928
80	0	929
80	0	930
80	0	931
80	0	932
80	0	933
80	0	934
80	0	935
80	0	936
80	0	937
80	0	938
80	0	939
80	0	940
80	0	941
80	0	942
80	0	943
80	0	944
80	0	945
80	0	946
80	0	947
80	0	948
80	0	949
80	0	950
80	0	951
80	0	952
80	0	953
80	0	954
80	0	955
80	0	956
80	0	957
80	0	958
80	0	959
80	0	960
80	0	961
80	0	962
80	0	963
80	0	964
80	0	965
80	0	966
80	0	967
80	0	968
80	0	969
80	0	970
80	0	971
80	0	972
80	0	973
80	0	974
80	0	975
80	0	976
80	0	977
80	0	978
80	0	979
80	0	980
80	0	981
80	0	982
80	0	983
80	0	984
80	0	985
80	0	986
80	0	987
80	0	988
80	0	989
90	0	0
90	0	1
90	0	2
90	0	3
90	0	4
90	0	5
90	0	6
90	0	7
90	0	8
90	0	9
90	0	10
90	0	11
90	0	12
90	0	13
90	0	14
90	0	15
90	0	16
90	0	17
90	0	18
90	0	19
90	0	20
90	0	21
90	0	22
90	0	23
90	0	24
90	0	25
90	0	26
90	0	27
90	0	28
90	0	29
90	0	30
90	0	31
90	0	32
90	0	33
90	0	34
90	0	35
90	0	36
90	0	37
90	0	38
90	0	39
90	0	40
90	0	41
90	0	42
90	0	43
90	0	44
90	0	45
90	0	46
90	0	47
90	0	48
90	0	49
90	0	312
90	0	313
90	0	319
90	0	320
90	0	321
90	0	330
90	0	331
90	0	332
90	0	333
90	0	334
90	0	335
90	0	336
90	0	337
90	0	349
90	0	350
90	0	351
90	0	352
90	0	353
90	0	363
90	0	364
90	0	365
90	0	366
90	0	367
90	0	368
90	0	369
90	0	373
90	0	374
90	0	375
90	0	376
90	0	377
90	0	380
90	0	381
90	0	382
90	0	383
90	0	384
90	0	385
90	0	386
90	0	387
90	0	388
90	0	389
90	0	390
90	0	391
90	0	392
90	0	393
90	0	394
90	0	395
90	0	396
90	0	397
90	0	398
90	0	399
90	0	400
90	0	401
90	0	406
90	0	407
90	0	408
90	0	409
90	0	410
90	0	411
90	0	412
90	0	413
90	0	414
90	0	415
90	0	416
90	0	417
90	0	418
90	0	419
90	0	420
90	0	421
90	0	422
90	0	423
90	0	424
90	0	425
90	0	430
90	0	431
90	0	432
90	0	433
90	0	435
90	0	436
90	0	437
90	0	438
90	0	439
90	0	440
90	0	441
90	0	443
90	0	444
90	0	445
90	0	446
90	0	447
90	0	448
90	0	449
90	0	451
90	0	452
90	0	453
90	0	454
90	0	455
90	0	456
90	0	457
90	0	460
90	0	461
90	0	462
90	0	463
90	0	464
90	0	465
90	0	468
90	0	469
90	0	470
90	0	471
90	0	472
90	0	473
90	0	476
90	0	477
90	0	478
90	0	479
90	0	480
90	0	481
90	0	485
90	0	486
90	0	487
90	0	488
90	0	489
90	0	492
90	0	493
90	0	494
90	0	495
90	0	496
90	0	497
90	0	498
90	0	499
90	0	500
90	0	501
90	0	502
90	0	503
90	0	504
90	0	505
90	0	508
90	0	509
90	0	510
90	0	511
90	0	512
90	0	513
90	0	515
90	0	516
90	0	517
90	0	518
90	0	519
90	0	520
90	0	521
90	0	522
90	0	523
90	0	524
90	0	525
90	0	526
90	0	527
90	0	528
90	0	529
90	0	530
90	0	531
90	0	532
90	0	533
90	0	534
90	0	535
90	0	536
90	0	537
90	0	539
90	0	540
90	0	541
90	0	542
90	0	543
90	0	544
90	0	545
90	0	550
90	0	551
90	0	552
90	0	553
90	0	555
90	0	556
90	0	557
90	0	558
90	0	559
90	0	560
90	0	561
90	0	562
90	0	563
90	0	564
90	0	565
90	0	566
90	0	567
90	0	568
90	0	569
90	0	571
90	0	572
90	0	573
90	0	574
90	0	575
90	0	576
90	0	577
90	0	580
90	0	581
90	0	582
90	0	583
90	0	584
90	0	585
90	0	587
90	0	588
90	0	589
90	0	590
90	0	591
90	0	592
90	0	593
90	0	595
90	0	596
90	0	597
90	0	598
90	0	599
90	0	600
90	0	601
90	0	602
90	0	603
90	0	604
90	0	605
90	0	606
90	0	607
90	0	608
90	0	609
90	0	610
90	0	611
90	0	612
90	0	613
90	0	614
90	0	615
90	0	616
90	0	617
90	0	619
90	0	620
90	0	621
90	0	622
90	0	623
90	0	624
90	0	625
90	0	626
90	0	627
90	0	628
90	0	629
90	0	630
90	0	631
90	0	632
90	0	633
90	0	634
90	0	635
90	0	636
90	0	637
90	0	638
90	0	639
90	0	640
90	0	641
90	0	642
90	0	643
90	0	644
90	0	645
90	0	646
90	0	647
90	0	648
90	0	649
90	0	651
90	0	652
90	0	653
90	0	654
90	0	655
90	0	656
90	0	657
90	0	658
90	0	659
90	0	660
90	0	661
90	0	662
90	0	663
90	0	664
90	0	665
90	0	666
90	0	667
90	0	668
90	0	669
90	0	670
90	0	671
90	0	672
90	0	673
90	0	674
90	0	675
90	0	676
90	0	677
90	0	678
90	0	679
90	0	680
90	0	681
90	0	682
90	0	683
90	0	684
90	0	685
90	0	686
90	0	687
90	0	688
90	0	689
90	0	690
90	0	691
90	0	692
90	0	693
90	0	694
90	0	695
90	0	696
90	0	697
90	0	698
90	0	699
90	0	700
90	0	701
90	0	702
90	0	703
90	0	704
90	0	705
90	0	706
90	0	707
90	0	708
90	0	709
90	0	710
90	0	711
90	0	712
90	0	713
90	0	714
90	0	715
90	0	716
90	0	717
90	0	718
90	0	719
90	0	720
90	0	721
90	0	722
90	0	723
90	0	724
90	0	725
90	0	726
90	0	727
90	0	728
90	0	729
90	0	730
90	0	731
90	0	732
90	0	733
90	0	734
90	0	735
90	0	736
90	0	737
90	0	738
90	0	739
90	0	740
90	0	741
90	0	742
90	0	743
90	0	744
90	0	745
90	0	746
90	0	747
90	0	748
90	0	749
90	0	750
90	0	751
90	0	752
90	0	753
90	0	754
90	0	755
90	0	756
90	0	757
90	0	758
90	0	759
90	0	760
90	0	761
90	0	762
90	0	763
90	0	764
90	0	765
90	0	766
90	0	767
90	0	768
90	0	769
90	0	770
90	0	771
90	0	772
90	0	773
90	0	774
90	0	775
90	0	776
90	0	777
90	0	778
90	0	779
90	0	780
90	0	781
90	0	782
90	0	783
90	0	784
90	0	785
90	0	786
90	0	787
90	0	788
90	0	789
90	0	790
90	0	791
90	0	792
90	0	793
90	0	795
90	0	796
90	0	797
90	0	798
90	0	799
90	0	800
90	0	801
90	0	802
90	0	803
90	0	804
90	0	805
90	0	806
90	0	807
90	0	808
90	0	809
90	0	810
90	0	811
90	0	812
90	0	813
90	0	814
90	0	815
90	0	816
90	0	817
90	0	818
90	0	819
90	0	820
90	0	821
90	0	822
90	0	823
90	0	824
90	0	825
90	0	826
90	0	827
90	0	828
90	0	829
90	0	830
90	0	831
90	0	832
90	0	833
90	0	834
90	0	835
90	0	836
90	0	837
90	0	838
90	0	839
90	0	840
90	0	841
90	0	842
90	0	843
90	0	844
90	0	845
90	0	846
90	0	847
90	0	848
90	0	849
90	0	850
90	0	851
90	0	852
90	0	853
90	0	854
90	0	855
90	0	856
90	0	857
90	0	858
90	0	859
90	0	860
90	0	861
90	0	862
90	0	863
90	0	864
90	0	865
90	0	866
90	0	867
90	0	868
90	0	869
90	0	870
90	0	871
90	0	872
90	0	873
90	0	874
90	0	875
90	0	876
90	0	877
90	0	878
90	0	879
90	0	880
90	0	881
90	0	882
90	0	883
90	0	884
90	0	885
90	0	886
90	0	887
90	0	888
90	0	889
90	0	890
90	0	891
90	0	892
90	0	893
90	0	894
90	0	895
90	0	896
90	0	897
90	0	898
90	0	899
90	0	900
90	0	901
90	0	902
90	0	903
90	0	904
90	0	905
90	0	906
90	0	907
90	0	908
90	0	909
90	0	910
90	0	911
90	0	912
90	0	913
90	0	914
90	0	915
90	0	916
90	0	917
90	0	918
90	0	919
90	0	920
90	0	921
90	0	922
90	0	923
90	0	924
90	0	925
90	0	926
90	0	927
90	0	928
90	0	929
90	0	930
90	0	931
90	0	932
90	0	933
90	0	934
90	0	935
90	0	936
90	0	937
90	0	938
90	0	939
90	0	940
90	0	941
90	0	942
90	0	943
90	0	944
90	0	945
90	0	946
90	0	947
90	0	948
90	0	949
90	0	950
90	0	951
90	0	952
90	0	953
90	0	954
90	0	955
90	0	956
90	0	957
90	0	958
90	0	959
90	0	960
90	0	961
90	0	962
90	0	963
90	0	964
90	0	965
90	0	966
90	0	967
90	0	968
90	0	969
90	0	970
90	0	971
90	0	972
90	0	973
90	0	974
90	0	975
90	0	976
90	0	977
90	0	978
90	0	979
90	0	980
90	0	981
90	0	982
90	0	983
90	0	984
90	0	985
90	0	986
90	0	987
90	0	988
90	0	989
100	0	0
100	0	1
100	0	2
100	0	3
100	0	4
100	0	5
100	0	6
100	0	7
100	0	8
100	0	9
100	0	10
100	0	11
100	0	12
100	0	13
100	0	14
100	0	15
100	0	16
100	0	17
100	0	18
100	0	19
100	0	20
100	0	21
100	0	22
100	0	23
100	0	24
100	0	25
100	0	26
100	0	27
100	0	28
100	0	29
100	0	30
100	0	31
100	0	32
100	0	33
100	0	34
100	0	35
100	0	36
100	0	37
100	0	38
100	0	39
100	0	40
100	0	41
100	0	42
100	0	43
100	0	44
100	0	45
100	0	46
100	0	47
100	0	48
100	0	49
100	0	312
100	0	313
100	0	319
100	0	320
100	0	321
100	0	330
100	0	331
100	0	332
100	0	333
100	0	334
100	0	335
100	0	336
100	0	337
100	0	349
100	0	350
100	0	351
100	0	352
100	0	353
100	0	363
100	0	364
100	0	365
100	0	366
100	0	367
100	0	368
100	0	369
100	0	373
100	0	374
100	0	375
100	0	376
100	0	377
100	0	380
100	0	381
100	0	382
100	0	383
100	0	384
100	0	385
100	0	386
100	0	387
100	0	388
100	0	389
100	0	390
100	0	391
100	0	392
100	0	393
100	0	394
100	0	395
100	0	396
100	0	397
100	0	398
100	0	399
100	0	400
100	0	401
100	0	406
100	0	407
100	0	408
100	0	409
100	0	410
100	0	411
100	0	412
100	0	413
100	0	414
100	0	415
100	0	416
100	0	417
100	0	418
100	0	419
100	0	420
100	0	421
100	0	422
100	0	423
100	0	424
100	0	425
100	0	430
100	0	431
100	0	432
100	0	433
100	0	435
100	0	436
100	0	437
100	0	438
100	0	439
100	0	440
100	0	441
100	0	442
100	0	443
100	0	444
100	0	445
100	0	446
100	0	447
100	0	448
100	0	449
100	0	451
100	0	452
100	0	453
100	0	454
100	0	455
100	0	456
100	0	457
100	0	460
100	0	461
100	0	462
100	0	463
100	0	464
100	0	465
100	0	468
100	0	469
100	0	470
100	0	471
100	0	472
100	0	473
100	0	475
100	0	476
100	0	477
100	0	478
100	0	479
100	0	480
100	0	481
100	0	484
100	0	485
100	0	486
100	0	487
100	0	488
100	0	489
100	0	492
100	0	493
100	0	494
100	0	495
100	0	496
100	0	497
100	0	498
100	0	499
100	0	500
100	0	501
100	0	502
100	0	503
100	0	504
100	0	505
100	0	507
100	0	508
100	0	509
100	0	510
100	0	511
100	0	512
100	0	513
100	0	515
100	0	516
100	0	517
100	0	518
100	0	519
100	0	520
100	0	521
100	0	522
100	0	523
100	0	524
100	0	525
100	0	526
100	0	527
100	0	528
100	0	529
100	0	530
100	0	531
100	0	532
100	0	533
100	0	534
100	0	535
100	0	536
100	0	537
100	0	539
100	0	540
100	0	541
100	0	542
100	0	543
100	0	544
100	0	545
100	0	550
100	0	551
100	0	552
100	0	553
100	0	554
100	0	555
100	0	556
100	0	557
100	0	558
100	0	559
100	0	560
100	0	561
100	0	562
100	0	563
100	0	564
100	0	565
100	0	566
100	0	567
100	0	568
100	0	569
100	0	570
100	0	571
100	0	572
100	0	573
100	0	574
100	0	575
100	0	576
100	0	577
100	0	580
100	0	581
100	0	582
100	0	583
100	0	584
100	0	585
100	0	587
100	0	588
100	0	589
100	0	590
100	0	591
100	0	592
100	0	593
100	0	595
100	0	596
100	0	597
100	0	598
100	0	599
100	0	600
100	0	601
100	0	602
100	0	603
100	0	604
100	0	605
100	0	606
100	0	607
100	0	608
100	0	609
100	0	610
100	0	611
100	0	612
100	0	613
100	0	614
100	0	615
100	0	616
100	0	617
100	0	618
100	0	619
100	0	620
100	0	621
100	0	622
100	0	623
100	0	624
100	0	625
100	0	626
100	0	627
100	0	628
100	0	629
100	0	630
100	0	631
100	0	632
100	0	633
100	0	634
100	0	635
100	0	636
100	0	637
100	0	638
100	0	639
100	0	640
100	0	641
100	0	642
100	0	643
100	0	644
100	0	645
100	0	646
100	0	647
100	0	648
100	0	649
100	0	651
100	0	652
100	0	653
100	0	654
100	0	655
100	0	656
100	0	657
100	0	658
100	0	659
100	0	660
100	0	661
100	0	662
100	0	663
100	0	664
100	0	665
100	0	666
100	0	667
100	0	668
100	0	669
100	0	670
100	0	671
100	0	672
100	0	673
100	0	674
100	0	675
100	0	676
100	0	677
100	0	678
100	0	679
100	0	680
100	0	681
100	0	682
100	0	683
100	0	684
100	0	685
100	0	686
100	0	687
100	0	688
100	0	689
100	0	690
100	0	691
100	0	692
100	0	693
100	0	694
100	0	695
100	0	696
100	0	697
100	0	698
100	0	699
100	0	700
100	0	701
100	0	702
100	0	703
100	0	704
100	0	705
100	0	706
100	0	707
100	0	708
100	0	709
100	0	710
100	0	711
100	0	712
100	0	713
100	0	714
100	0	715
100	0	716
100	0	717
100	0	718
100	0	719
100	0	720
100	0	721
100	0	722
100	0	723
100	0	724
100	0	725
100	0	726
100	0	727
100	0	728
100	0	729
100	0	730
100	0	731
100	0	732
100	0	733
100	0	734
100	0	735
100	0	736
100	0	737
100	0	738
100	0	739
100	0	740
100	0	741
100	0	742
100	0	743
100	0	744
100	0	745
100	0	746
100	0	747
100	0	748
100	0	749
100	0	750
100	0	751
100	0	752
100	0	753
100	0	754
100	0	755
100	0	756
100	0	757
100	0	758
100	0	759
100	0	760
100	0	761
100	0	762
100	0	763
100	0	764
100	0	765
100	0	766
100	0	767
100	0	768
100	0	769
100	0	770
100	0	771
100	0	772
100	0	773
100	0	774
100	0	775
100	0	776
100	0	777
100	0	778
100	0	779
100	0	780
100	0	781
100	0	782
100	0	783
100	0	784
100	0	785
100	0	786
100	0	787
100	0	788
100	0	789
100	0	790
100	0	791
100	0	792
100	0	793
100	0	794
100	0	795
100	0	796
100	0	797
100	0	798
100	0	799
100	0	800
100	0	801
100	0	802
100	0	803
100	0	804
100	0	805
100	0	806
100	0	807
100	0	808
100	0	809
100	0	810
100	0	811
100	0	812
100	0	813
100	0	814
100	0	815
100	0	816
100	0	817
100	0	818
100	0	819
100	0	820
100	0	821
100	0	822
100	0	823
100	0	824
100	0	825
100	0	826
100	0	827
100	0	828
100	0	829
100	0	830
100	0	831
100	0	832
100	0	833
100	0	834
100	0	835
100	0	836
100	0	837
100	0	838
100	0	839
100	0	840
100	0	841
100	0	842
100	0	843
100	0	844
100	0	845
100	0	846
100	0	847
100	0	848
100	0	849
100	0	850
100	0	851
100	0	852
100	0	853
100	0	854
100	0	855
100	0	856
100	0	857
100	0	858
100	0	859
100	0	860
100	0	861
100	0	862
100	0	863
100	0	864
100	0	865
100	0	866
100	0	867
100	0	868
100	0	869
100	0	870
100	0	871
100	0	872
100	0	873
100	0	874
100	0	875
100	0	876
100	0	877
100	0	878
100	0	879
100	0	880
100	0	881
100	0	882
100	0	883
100	0	884
100	0	885
100	0	886
100	0	887
100	0	888
100	0	889
100	0	890
100	0	891
100	0	892
100	0	893
100	0	894
100	0	895
100	0	896
100	0	897
100	0	898
100	0	899
100	0	900
100	0	901
100	0	902
100	0	903
100	0	904
100	0	905
100	0	906
100	0	907
100	0	908
100	0	909
100	0	910
100	0	911
100	0	912
100	0	913
100	0	914
100	0	915
100	0	916
100	0	917
100	0	918
100	0	919
100	0	920
100	0	921
100	0	922
100	0	923
100	0	924
100	0	925
100	0	926
100	0	927
100	0	928
100	0	929
100	0	930
100	0	931
100	0	932
100	0	933
100	0	934
100	0	935
100	0	936
100	0	937
100	0	938
100	0	939
100	0	940
100	0	941
100	0	942
100	0	943
100	0	944
100	0	945
100	0	946
100	0	947
100	0	948
100	0	949
100	0	950
100	0	951
100	0	952
100	0	953
100	0	954
100	0	955
100	0	956
100	0	957
100	0	958
100	0	959
100	0	960
100	0	961
100	0	962
100	0	963
100	0	964
100	0	965
100	0	966
100	0	967
100	0	968
100	0	969
100	0	970
100	0	971
100	0	972
100	0	973
100	0	974
100	0	975
100	0	976
100	0	977
100	0	978
100	0	979
100	0	980
100	0	981
100	0	982
100	0	983
100	0	984
100	0	985
100	0	986
100	0	987
100	0	988
100	0	989
