proba:[
( 17,   1,   1) 0.1223
(  1,  17,   1) 0.1223
(  1,  16,   1) 0.1656
( 16,   1,   1) 0.1656
(  1,   4,   1) 0.1029
(  4,   1,   1) 0.1029
(  2,   3,   1) 0.2136
(  3,   2,   1) 0.2136
( 16,   2,   1) 0.1573
(  2,  16,   1) 0.1573
(  3,  21,   1) 0.2262
( 21,   3,   1) 0.2262
( 21,  20,   1) 0.2420
( 20,  21,   1) 0.2420
( 18,  16,   1) 0.0610
( 16,  18,   1) 0.0610
( 18,  19,   1) 0.1069
( 19,  18,   1) 0.1069
(  4,  18,   1) 0.1108
( 18,   4,   1) 0.1108
(  4,  26,   1) 0.2504
( 26,   4,   1) 0.2504
( 19,  20,   1) 0.0936
( 20,  19,   1) 0.0936
( 19,  23,   1) 0.1061
( 23,  19,   1) 0.1061
( 20,   2,   1) 0.1256
(  2,  20,   1) 0.1256
( 25,   4,   1) 0.0892
(  4,  25,   1) 0.0892
(  5,  20,   1) 0.0891
( 20,   5,   1) 0.0891
( 23,   5,   1) 0.1002
(  5,  23,   1) 0.1002
( 23,   6,   1) 0.1132
(  6,  23,   1) 0.1132
(  6,  18,   1) 0.1253
( 18,   6,   1) 0.1253
(  6,  25,   1) 0.1239
( 25,   6,   1) 0.1239
(  6,  27,   1) 0.1784
( 27,   6,   1) 0.1784
( 26,  28,   1) 0.0706
( 28,  26,   1) 0.0706
( 26,  30,   1) 0.0673
( 30,  26,   1) 0.0673
( 28,  10,   1) 0.1317
( 10,  28,   1) 0.1317
( 27,   5,   1) 0.0804
(  5,  27,   1) 0.0804
( 27,   8,   1) 0.0713
(  8,  27,   1) 0.0713
( 31,   6,   1) 0.0889
(  6,  31,   1) 0.0889
( 31,   9,   1) 0.1807
(  9,  31,   1) 0.1807
( 31,  11,   1) 0.2472
( 11,  31,   1) 0.2472
(  8,  31,   1) 0.1626
( 31,   8,   1) 0.1626
(  8,  34,   1) 0.2272
( 34,   8,   1) 0.2272
( 29,  22,   1) 0.1574
( 22,  29,   1) 0.1574
( 22,   5,   1) 0.1040
(  5,  22,   1) 0.1040
( 29,   8,   1) 0.0408
(  8,  29,   1) 0.0408
( 29,  33,   1) 0.2415
( 33,  29,   1) 0.2415
(  7,  24,   1) 0.0984
( 24,   7,   1) 0.0984
( 24,  26,   1) 0.1199
( 26,  24,   1) 0.1199
(  7,  30,   1) 0.1378
( 30,   7,   1) 0.1378
(  7,  32,   1) 0.0606
( 32,   7,   1) 0.0606
(  9,  25,   1) 0.2099
( 25,   9,   1) 0.2099
(  9,  28,   1) 0.1463
( 28,   9,   1) 0.1463
(  9,  10,   1) 0.1430
( 10,   9,   1) 0.1430
(  9,  35,   1) 0.0972
( 35,   9,   1) 0.0972
( 35,  11,   1) 0.2224
( 11,  35,   1) 0.2224
( 32,  10,   1) 0.1442
( 10,  32,   1) 0.1442
( 32,  36,   1) 0.1621
( 36,  32,   1) 0.1621
( 10,  30,   1) 0.0805
( 30,  10,   1) 0.0805
( 34,  11,   1) 0.0588
( 11,  34,   1) 0.0588
( 33,  34,   1) 0.1304
( 34,  33,   1) 0.1304
( 33,  37,   1) 0.0868
( 37,  33,   1) 0.0868
( 11,  39,   1) 0.1027
( 39,  11,   1) 0.1027
( 37,  39,   1) 0.2474
( 39,  37,   1) 0.2474
( 37,  13,   1) 0.3212
( 13,  37,   1) 0.3212
( 13,  45,   1) 0.2511
( 45,  13,   1) 0.2511
( 39,  40,   1) 0.2570
( 40,  39,   1) 0.2570
( 12,  41,   1) 0.0880
( 41,  12,   1) 0.0880
( 12,  49,   1) 0.0874
( 49,  12,   1) 0.0874
( 49,  14,   1) 0.0941
( 14,  49,   1) 0.0941
( 41,  38,   1) 0.0355
( 38,  41,   1) 0.0355
( 38,  12,   1) 0.0992
( 12,  38,   1) 0.0992
( 41,  14,   1) 0.0781
( 14,  41,   1) 0.0781
( 46,  44,   1) 0.0433
( 44,  46,   1) 0.0433
( 43,  45,   1) 0.0372
( 45,  43,   1) 0.0372
( 44,  43,   1) 0.0963
( 43,  44,   1) 0.0963
( 46,  15,   1) 0.1692
( 15,  46,   1) 0.1692
( 45,  46,   1) 0.0764
( 46,  45,   1) 0.0764
( 45,  47,   1) 0.0468
( 47,  45,   1) 0.0468
( 47,  48,   1) 0.0874
( 48,  47,   1) 0.0874
( 48,  46,   1) 0.0556
( 46,  48,   1) 0.0556
( 15,  42,   1) 0.0636
( 42,  15,   1) 0.0636
( 15,  14,   1) 0.1264
( 14,  15,   1) 0.1264
( 10,   1,   2) 0.2727
(  1,  10,   2) 0.2727
(  1,   4,   2) 0.1810
(  4,   1,   2) 0.1810
(  1,   6,   2) 0.5398
(  6,   1,   2) 0.5398
(  6,   2,   2) 0.0603
(  2,   6,   2) 0.0603
(  2,  14,   2) 0.0778
( 14,   2,   2) 0.0778
( 14,   8,   2) 0.0915
(  8,  14,   2) 0.0915
(  8,   9,   2) 0.0587
(  9,   8,   2) 0.0587
(  9,  16,   2) 0.0734
( 16,   9,   2) 0.0734
(  6,   5,   2) 0.3634
(  5,   6,   2) 0.3634
(  5,  11,   2) 0.3972
( 11,   5,   2) 0.3972
( 11,   6,   2) 0.2779
(  6,  11,   2) 0.2779
( 11,   3,   2) 0.1009
(  3,  11,   2) 0.1009
(  3,  12,   2) 0.0384
( 12,   3,   2) 0.0384
( 12,  13,   2) 0.0359
( 13,  12,   2) 0.0359
( 12,   7,   2) 0.1578
(  7,  12,   2) 0.1578
(  7,  14,   2) 0.0522
( 14,   7,   2) 0.0522
( 14,  15,   2) 0.1199
( 15,  14,   2) 0.1199
(  1,  17,   3) 0.0896
( 17,   1,   3) 0.0896
(  1,  47,   3) 0.0745
( 47,   1,   3) 0.0745
(  1,  51,   3) 0.1644
( 51,   1,   3) 0.1644
(  2,  12,   3) 0.0766
( 12,   2,   3) 0.0766
(  2,  13,   3) 0.1061
( 13,   2,   3) 0.1061
(  2,  20,   3) 0.1794
( 20,   2,   3) 0.1794
(  2,  31,   3) 0.0574
( 31,   2,   3) 0.0574
(  2,  50,   3) 0.0847
( 50,   2,   3) 0.0847
(  3,  15,   3) 0.0963
( 15,   3,   3) 0.0963
(  3,  33,   3) 0.0466
( 33,   3,   3) 0.0466
(  3,  48,   3) 0.1026
( 48,   3,   3) 0.1026
(  3,  53,   3) 0.1131
( 53,   3,   3) 0.1131
(  4,  35,   3) 0.1153
( 35,   4,   3) 0.1153
(  4,  36,   3) 0.0718
( 36,   4,   3) 0.0718
(  4,  38,   3) 0.1063
( 38,   4,   3) 0.1063
(  4,  54,   3) 0.1112
( 54,   4,   3) 0.1112
(  5,  11,   3) 0.2033
( 11,   5,   3) 0.2033
(  5,  20,   3) 0.0928
( 20,   5,   3) 0.0928
(  5,  23,   3) 0.1046
( 23,   5,   3) 0.1046
(  5,  25,   3) 0.1458
( 25,   5,   3) 0.1458
(  6,  23,   3) 0.1472
( 23,   6,   3) 0.1472
(  6,  24,   3) 0.0734
( 24,   6,   3) 0.0734
(  6,  37,   3) 0.0606
( 37,   6,   3) 0.0606
(  6,  56,   3) 0.0972
( 56,   6,   3) 0.0972
(  7,  39,   3) 0.1270
( 39,   7,   3) 0.1270
(  7,  41,   3) 0.0300
( 41,   7,   3) 0.0300
(  7,  42,   3) 0.0504
( 42,   7,   3) 0.0504
(  7,  43,   3) 0.0445
( 43,   7,   3) 0.0445
(  7,  44,   3) 0.0285
( 44,   7,   3) 0.0285
(  7,  57,   3) 0.0795
( 57,   7,   3) 0.0795
(  8,  45,   3) 0.1801
( 45,   8,   3) 0.1801
(  8,  59,   3) 0.1738
( 59,   8,   3) 0.1738
(  9,  10,   3) 0.0821
( 10,   9,   3) 0.0821
(  9,  12,   3) 0.0570
( 12,   9,   3) 0.0570
(  9,  46,   3) 0.1829
( 46,   9,   3) 0.1829
( 10,   9,   3) 0.0821
(  9,  10,   3) 0.0821
( 10,  12,   3) 0.0541
( 12,  10,   3) 0.0541
( 11,   5,   3) 0.2033
(  5,  11,   3) 0.2033
( 11,  13,   3) 0.0928
( 13,  11,   3) 0.0928
( 12,   2,   3) 0.0766
(  2,  12,   3) 0.0766
( 12,   9,   3) 0.0570
(  9,  12,   3) 0.0570
( 12,  10,   3) 0.0541
( 10,  12,   3) 0.0541
( 13,   2,   3) 0.1061
(  2,  13,   3) 0.1061
( 13,  11,   3) 0.0928
( 11,  13,   3) 0.0928
( 14,  48,   3) 0.0293
( 48,  14,   3) 0.0293
( 15,   3,   3) 0.0963
(  3,  15,   3) 0.0963
( 15,  27,   3) 0.0819
( 27,  15,   3) 0.0819
( 15,  28,   3) 0.1791
( 28,  15,   3) 0.1791
( 15,  48,   3) 0.0819
( 48,  15,   3) 0.0819
( 16,  53,   3) 0.0228
( 53,  16,   3) 0.0228
( 17,   1,   3) 0.0896
(  1,  17,   3) 0.0896
( 17,  18,   3) 0.1862
( 18,  17,   3) 0.1862
( 18,  17,   3) 0.1862
( 17,  18,   3) 0.1862
( 18,  34,   3) 0.0583
( 34,  18,   3) 0.0583
( 18,  52,   3) 0.1041
( 52,  18,   3) 0.1041
( 19,  21,   3) 0.1044
( 21,  19,   3) 0.1044
( 20,   2,   3) 0.1794
(  2,  20,   3) 0.1794
( 20,   5,   3) 0.0928
(  5,  20,   3) 0.0928
( 21,  19,   3) 0.1044
( 19,  21,   3) 0.1044
( 21,  56,   3) 0.0469
( 56,  21,   3) 0.0469
( 22,  55,   3) 0.0516
( 55,  22,   3) 0.0516
( 23,   5,   3) 0.1046
(  5,  23,   3) 0.1046
( 23,   6,   3) 0.1472
(  6,  23,   3) 0.1472
( 24,   6,   3) 0.0734
(  6,  24,   3) 0.0734
( 24,  58,   3) 0.1530
( 58,  24,   3) 0.1530
( 25,   5,   3) 0.1458
(  5,  25,   3) 0.1458
( 25,  59,   3) 0.1783
( 59,  25,   3) 0.1783
( 26,  46,   3) 0.0142
( 46,  26,   3) 0.0142
( 27,  15,   3) 0.0819
( 15,  27,   3) 0.0819
( 28,  15,   3) 0.1791
( 15,  28,   3) 0.1791
( 28,  47,   3) 0.1043
( 47,  28,   3) 0.1043
( 29,  51,   3) 0.0338
( 51,  29,   3) 0.0338
( 30,  50,   3) 0.0207
( 50,  30,   3) 0.0207
( 31,   2,   3) 0.0574
(  2,  31,   3) 0.0574
( 31,  32,   3) 0.0906
( 32,  31,   3) 0.0906
( 31,  37,   3) 0.1176
( 37,  31,   3) 0.1176
( 32,  31,   3) 0.0906
( 31,  32,   3) 0.0906
( 32,  49,   3) 0.0903
( 49,  32,   3) 0.0903
( 33,   3,   3) 0.0466
(  3,  33,   3) 0.0466
( 33,  35,   3) 0.0637
( 35,  33,   3) 0.0637
( 34,  18,   3) 0.0583
( 18,  34,   3) 0.0583
( 34,  36,   3) 0.0796
( 36,  34,   3) 0.0796
( 35,   4,   3) 0.1153
(  4,  35,   3) 0.1153
( 35,  33,   3) 0.0637
( 33,  35,   3) 0.0637
( 36,   4,   3) 0.0718
(  4,  36,   3) 0.0718
( 36,  34,   3) 0.0796
( 34,  36,   3) 0.0796
( 37,   6,   3) 0.0606
(  6,  37,   3) 0.0606
( 37,  31,   3) 0.1176
( 31,  37,   3) 0.1176
( 38,   4,   3) 0.1063
(  4,  38,   3) 0.1063
( 38,  42,   3) 0.2268
( 42,  38,   3) 0.2268
( 38,  57,   3) 0.1903
( 57,  38,   3) 0.1903
( 39,   7,   3) 0.1270
(  7,  39,   3) 0.1270
( 39,  54,   3) 0.0830
( 54,  39,   3) 0.0830
( 39,  58,   3) 0.2372
( 58,  39,   3) 0.2372
( 40,  57,   3) 0.0309
( 57,  40,   3) 0.0309
( 41,   7,   3) 0.0300
(  7,  41,   3) 0.0300
( 42,   7,   3) 0.0504
(  7,  42,   3) 0.0504
( 42,  38,   3) 0.2268
( 38,  42,   3) 0.2268
( 43,   7,   3) 0.0445
(  7,  43,   3) 0.0445
( 44,   7,   3) 0.0285
(  7,  44,   3) 0.0285
( 44,  45,   3) 0.1861
( 45,  44,   3) 0.1861
( 45,   8,   3) 0.1801
(  8,  45,   3) 0.1801
( 45,  44,   3) 0.1861
( 44,  45,   3) 0.1861
( 46,   9,   3) 0.1829
(  9,  46,   3) 0.1829
( 46,  26,   3) 0.0142
( 26,  46,   3) 0.0142
( 46,  47,   3) 0.1968
( 47,  46,   3) 0.1968
( 47,   1,   3) 0.0745
(  1,  47,   3) 0.0745
( 47,  28,   3) 0.1043
( 28,  47,   3) 0.1043
( 47,  46,   3) 0.1968
( 46,  47,   3) 0.1968
( 48,  14,   3) 0.0293
( 14,  48,   3) 0.0293
( 48,  15,   3) 0.0819
( 15,  48,   3) 0.0819
( 48,  49,   3) 0.0150
( 49,  48,   3) 0.0150
( 49,   3,   3) 0.1137
(  3,  49,   3) 0.1137
( 49,  32,   3) 0.0903
( 32,  49,   3) 0.0903
( 49,  48,   3) 0.0150
( 48,  49,   3) 0.0150
( 49,  50,   3) 0.0220
( 50,  49,   3) 0.0220
( 50,   2,   3) 0.0847
(  2,  50,   3) 0.0847
( 50,  30,   3) 0.0207
( 30,  50,   3) 0.0207
( 50,  49,   3) 0.0220
( 49,  50,   3) 0.0220
( 51,   1,   3) 0.1644
(  1,  51,   3) 0.1644
( 51,  29,   3) 0.0338
( 29,  51,   3) 0.0338
( 51,  52,   3) 0.0530
( 52,  51,   3) 0.0530
( 52,  18,   3) 0.1041
( 18,  52,   3) 0.1041
( 52,  51,   3) 0.0530
( 51,  52,   3) 0.0530
( 52,  53,   3) 0.0322
( 53,  52,   3) 0.0322
( 53,   3,   3) 0.1131
(  3,  53,   3) 0.1131
( 53,  16,   3) 0.0228
( 16,  53,   3) 0.0228
( 53,  52,   3) 0.0322
( 52,  53,   3) 0.0322
( 54,   4,   3) 0.1112
(  4,  54,   3) 0.1112
( 54,  39,   3) 0.0830
( 39,  54,   3) 0.0830
( 54,  55,   3) 0.0234
( 55,  54,   3) 0.0234
( 55,  22,   3) 0.0516
( 22,  55,   3) 0.0516
( 55,  54,   3) 0.0234
( 54,  55,   3) 0.0234
( 55,  56,   3) 0.0517
( 56,  55,   3) 0.0517
( 56,   6,   3) 0.0972
(  6,  56,   3) 0.0972
( 56,  21,   3) 0.0469
( 21,  56,   3) 0.0469
( 56,  55,   3) 0.0517
( 55,  56,   3) 0.0517
( 57,   7,   3) 0.0795
(  7,  57,   3) 0.0795
( 57,  38,   3) 0.1903
( 38,  57,   3) 0.1903
( 57,  40,   3) 0.0309
( 40,  57,   3) 0.0309
( 58,  24,   3) 0.1530
( 24,  58,   3) 0.1530
( 58,  39,   3) 0.2372
( 39,  58,   3) 0.2372
( 58,  59,   3) 0.0447
( 59,  58,   3) 0.0447
( 59,   8,   3) 0.1738
(  8,  59,   3) 0.1738
( 59,  25,   3) 0.1783
( 25,  59,   3) 0.1783
( 59,  58,   3) 0.0447
( 58,  59,   3) 0.0447
(  8,  60,   3) 0.1802
( 60,   8,   3) 0.1802
( 59,  60,   3) 0.2573
( 60,  59,   3) 0.2573
]
probn:[
(  1,   1) 0.0867
(  2,   1) 0.1120
(  3,   1) 0.1313
(  4,   1) 0.0973
(  5,   1) 0.1382
(  6,   1) 0.1190
(  7,   1) 0.0789
(  8,   1) 0.1505
(  9,   1) 0.1113
( 10,   1) 0.0955
( 11,   1) 0.1449
( 12,   1) 0.0861
( 13,   1) 0.1909
( 14,   1) 0.0913
( 15,   1) 0.1066
( 16,   1) 0.1030
( 17,   1) 0.0763
( 18,   1) 0.1081
( 19,   1) 0.1194
( 20,   1) 0.1291
( 21,   1) 0.1618
( 22,   1) 0.1544
( 23,   1) 0.1302
( 24,   1) 0.0758
( 25,   1) 0.1032
( 26,   1) 0.0864
( 27,   1) 0.1455
( 28,   1) 0.0938
( 29,   1) 0.1571
( 30,   1) 0.0899
( 31,   1) 0.1283
( 32,   1) 0.0803
( 33,   1) 0.1688
( 34,   1) 0.1514
( 35,   1) 0.1116
( 36,   1) 0.0924
( 37,   1) 0.1736
( 38,   1) 0.0970
( 39,   1) 0.1375
( 40,   1) 0.1042
( 41,   1) 0.0956
( 42,   1) 0.1074
( 43,   1) 0.1445
( 44,   1) 0.1302
( 45,   1) 0.1407
( 46,   1) 0.1293
( 47,   1) 0.1397
( 48,   1) 0.1265
( 49,   1) 0.0823
(  1,   2) 0.1216
(  2,   2) 0.0981
(  3,   2) 0.0862
(  4,   2) 0.1062
(  5,   2) 0.1506
(  6,   2) 0.1053
(  7,   2) 0.0870
(  8,   2) 0.0866
(  9,   2) 0.0848
( 10,   2) 0.1635
( 11,   2) 0.0961
( 12,   2) 0.0866
( 13,   2) 0.0854
( 14,   2) 0.0895
( 15,   2) 0.0774
( 16,   2) 0.0819
(  1,   3) 0.1573
(  2,   3) 0.1040
(  3,   3) 0.1324
(  4,   3) 0.1614
(  5,   3) 0.0910
(  6,   3) 0.1228
(  7,   3) 0.1467
(  8,   3) 0.1017
(  9,   3) 0.1038
( 10,   3) 0.0992
( 11,   3) 0.0827
( 12,   3) 0.1054
( 13,   3) 0.0913
( 14,   3) 0.1166
( 15,   3) 0.1233
( 16,   3) 0.1390
( 17,   3) 0.1672
( 18,   3) 0.1525
( 19,   3) 0.1305
( 20,   3) 0.0941
( 21,   3) 0.1348
( 22,   3) 0.1450
( 23,   3) 0.1030
( 24,   3) 0.1261
( 25,   3) 0.0883
( 26,   3) 0.1170
( 27,   3) 0.1177
( 28,   3) 0.1357
( 29,   3) 0.1462
( 30,   3) 0.1146
( 31,   3) 0.1073
( 32,   3) 0.1191
( 33,   3) 0.1391
( 34,   3) 0.1533
( 35,   3) 0.1499
( 36,   3) 0.1611
( 37,   3) 0.1155
( 38,   3) 0.1777
( 39,   3) 0.1438
( 40,   3) 0.1587
( 41,   3) 0.1511
( 42,   3) 0.1553
( 43,   3) 0.1541
( 44,   3) 0.1478
( 45,   3) 0.1255
( 46,   3) 0.1157
( 47,   3) 0.1441
( 48,   3) 0.1169
( 49,   3) 0.1152
( 50,   3) 0.1132
( 51,   3) 0.1418
( 52,   3) 0.1376
( 53,   3) 0.1354
( 54,   3) 0.1494
( 55,   3) 0.1457
( 56,   3) 0.1379
( 57,   3) 0.1555
( 58,   3) 0.1132
( 59,   3) 0.1109
( 60,   3) 0.0810
]
