 mean sd mc_error hpd_2.5 hpd_97.5 n_eff Rhat
"sdy_(1, 2)" -1.3058 0.4174 0.0052 -2.1261 -0.5122 5912.3236 0.9999
"sdy_(12, 2)" -2.5711 0.3806 0.0049 -3.3195 -1.8416 6108.3751 0.9999
"sdy_(3, 2)" 0.0938 0.5738 0.0067 -1.0506 1.2057 7078.9327 1.0
"sdy_(13, 2)" -2.2355 0.4514 0.0067 -3.1469 -1.3907 4905.888 1.0005
"sdy_(8, 2)" -1.818 0.422 0.0059 -2.6749 -1.0391 5157.0434 1.0002
"sdy_(15, 2)" -1.8312 0.4582 0.006 -2.7026 -0.9079 5600.2871 1.0
"sdy_(9, 2)" -1.5326 0.5407 0.0065 -2.6105 -0.5064 7790.2171 0.9998
"sdy_(11, 2)" -2.7259 0.4659 0.0061 -3.6164 -1.7959 6326.891 1.0
"sdy_(6, 2)" -2.3169 0.3917 0.0054 -3.1211 -1.5933 5237.9619 1.0002
"sdy_(2, 2)" -2.1919 0.3791 0.0044 -2.9442 -1.4759 5712.1265 0.9998
"sdy_(4, 2)" -0.6922 0.4561 0.0054 -1.5808 0.1892 5794.0779 1.0
"sdy_(14, 2)" -2.7039 0.3874 0.0054 -3.4371 -1.9292 5755.0847 1.0006
"sdy_(5, 2)" 0.2518 0.738 0.0077 -1.1224 1.7503 6923.2677 0.9999
"sdy_(0, 2)" -0.8965 0.5658 0.0063 -1.9496 0.2425 7413.8669 0.9997
"sdy_(7, 2)" -1.535 0.43 0.0065 -2.3691 -0.7072 5001.4195 1.001
"sdy_(10, 2)" -2.7316 0.502 0.0069 -3.68 -1.7357 5126.303 1.0004
"p_(1, 2)" 0.3351 0.1925 0.0025 0.0157 0.7065 5484.4285 0.9999
"p_(12, 2)" 0.273 0.1699 0.0023 0.0136 0.6095 5717.6167 0.9997
"p_(3, 2)" 0.4593 0.2167 0.0025 0.0703 0.861 7228.1021 0.9998
"p_(13, 2)" 0.1698 0.1132 0.0014 0.0044 0.3916 5981.9618 1.0007
"p_(8, 2)" 0.2736 0.1669 0.0022 0.0089 0.5955 5540.7315 0.9999
"p_(15, 2)" 0.3314 0.1895 0.0024 0.0323 0.7131 5776.9443 0.9998
"p_(9, 2)" 0.3732 0.2017 0.0023 0.0346 0.7622 7017.2212 1.0
"p_(11, 2)" 0.1734 0.1157 0.0016 0.0074 0.3988 5000.9504 0.9997
"p_(6, 2)" 0.2198 0.1446 0.002 0.0033 0.4973 5933.3601 0.9998
"p_(2, 2)" 0.2145 0.1388 0.0018 0.0036 0.4867 6556.8572 1.0003
"p_(4, 2)" 0.3512 0.1986 0.0023 0.0237 0.7413 5845.2847 0.9999
"p_(14, 2)" 0.2821 0.1697 0.0024 0.0091 0.6108 5932.1437 1.0002
"p_(5, 2)" 0.2671 0.161 0.0018 0.0177 0.5937 6151.8626 1.0002
"p_(0, 2)" 0.3918 0.2059 0.0026 0.0205 0.7668 6970.6516 0.9998
"p_(7, 2)" 0.2604 0.1605 0.0023 0.0154 0.5841 4959.2313 1.0005
"p_(10, 2)" 0.272 0.1691 0.0021 0.0136 0.6041 5755.7157 0.9997
"p(1, 2)" 0.373 0.0775 0.0007 0.2234 0.5234 9897.1097 0.9998
"p(12, 2)" 0.1109 0.0322 0.0003 0.0529 0.1764 9965.1794 1.0
"p(3, 2)" 0.7088 0.1023 0.001 0.5089 0.8976 10433.0858 1.0002
"p(13, 2)" 0.2802 0.0665 0.0007 0.1531 0.4062 9232.925 1.0003
"p(8, 2)" 0.2833 0.0672 0.0007 0.1521 0.4134 10167.2081 0.9999
"p(15, 2)" 0.2347 0.0717 0.0008 0.1046 0.3755 8539.6043 1.0
"p(9, 2)" 0.3264 0.1067 0.0011 0.134 0.5397 10329.6922 1.0001
"p(11, 2)" 0.1431 0.0475 0.0005 0.0577 0.2351 10078.2116 0.9999
"p(6, 2)" 0.1526 0.0432 0.0004 0.0703 0.235 8469.2699 1.0
"p(2, 2)" 0.1822 0.0458 0.0005 0.0995 0.2758 8215.5786 0.9998
"p(4, 2)" 0.5476 0.0908 0.0009 0.3651 0.7162 9712.7108 0.9999
"p(14, 2)" 0.0994 0.0305 0.0003 0.0441 0.1595 8443.3671 0.9998
"p(5, 2)" 0.8448 0.0905 0.0009 0.6663 0.9858 8286.5238 0.9998
"p(0, 2)" 0.6367 0.1116 0.0011 0.4227 0.8443 10183.7983 1.0002
"p(7, 2)" 0.3086 0.0749 0.0009 0.1668 0.4522 8130.1367 1.0004
"p(10, 2)" 0.1725 0.0592 0.0006 0.0667 0.2867 9063.3897 0.9999
