 mean sd mc_error hpd_2.5 hpd_97.5 n_eff Rhat
"p_w_(34, 1)" 0.4393 0.0575 0.0057 0.3818 0.4968 1.001 146505157.4094
"p_w_(74, 3)" 0.5775 0.066 0.0066 0.5115 0.6434 1.001 230593158.727
"p_w_(6, 2)" 0.4625 0.2405 0.024 0.2221 0.703 1.001 1849351559.5586
"p_w_(13, 4)" 0.3549 0.101 0.0101 0.2538 0.4559 1.001 52996451.7306
"p_w_(44, 3)" 0.5381 0.0944 0.0094 0.4437 0.6325 1.001 3045229834.4022
"p_w_(20, 4)" 0.3742 0.1729 0.0173 0.2013 0.5472 1.001 29460846.4064
"p_w_(11, 4)" 0.3601 0.1261 0.0126 0.234 0.4862 1.001 10408880.1229
"p_w_(23, 4)" 0.5231 0.1164 0.0116 0.4068 0.6395 1.001 163773319.802
"p_w_(16, 3)" 0.5549 0.0795 0.0079 0.4755 0.6344 1.001 2054584503.1059
"p_w_(3, 1)" 0.4304 0.0384 0.0038 0.3921 0.4688 1.001 11046962.9576
"p_w_(64, 3)" 0.421 0.1523 0.0152 0.2688 0.5733 1.001 1023735365.8033
"p_w_(37, 3)" 0.5161 0.1737 0.0174 0.3424 0.6898 1.001 1401904024.2942
"p_w_(24, 4)" 0.3366 0.109 0.0109 0.2276 0.4457 1.001 483450838.0666
"p_w_(20, 3)" 0.4767 0.1516 0.0152 0.325 0.6283 1.001 6774405017.4948
"p_w_(4, 4)" 0.342 0.1446 0.0145 0.1973 0.4866 1.001 918611621.4758
"p_w_(5, 1)" 0.4034 0.0829 0.0083 0.3205 0.4863 1.001 143989123.9517
"p_w_(8, 3)" 0.3614 0.0163 0.0016 0.3451 0.3776 1.001 34038784.3394
"p_w_(7, 3)" 0.6587 0.0392 0.0039 0.6195 0.698 1.001 26672933.1297
"p_w_(26, 4)" 0.4673 0.0153 0.0015 0.452 0.4826 1.001 784818.0207
"p_w_(39, 3)" 0.0005 0.0002 0.0 0.0003 0.0007 1.001 670.3469
"p_w_(29, 3)" 0.4828 0.1773 0.0177 0.3055 0.6601 1.001 1312197175.7036
"p_w_(46, 3)" 0.6562 0.0355 0.0035 0.6207 0.6917 1.001 1487705693.0526
"p_w_(27, 3)" 0.5238 0.1803 0.018 0.3434 0.7041 1.001 89739934.2797
"p_w_(15, 3)" 0.4754 0.0315 0.0032 0.4438 0.5069 1.001 59001239.3643
"p_w_(48, 3)" 0.5977 0.0064 0.0006 0.5913 0.604 1.001 181274143.0546
"p_w_(45, 3)" 0.4773 0.0376 0.0038 0.4398 0.5149 1.001 391426797.3616
"p_w_(53, 3)" 0.3492 0.0884 0.0088 0.2608 0.4376 1.001 170256358.7351
"p_w_(22, 4)" 0.4567 0.221 0.0221 0.2358 0.6777 1.001 282139355.5131
"p_w_(1, 3)" 0.5126 0.0665 0.0066 0.4461 0.5791 1.001 547231040.4232
"p_w_(2, 3)" 0.0005 0.0001 0.0 0.0004 0.0005 1.001 36087.2593
"p_w_(25, 4)" 0.001 0.0005 0.0001 0.0005 0.0015 1.001 440.5792
"p_w_(63, 3)" 0.3226 0.0674 0.0067 0.2552 0.39 1.001 30122830.6103
"p_w_(28, 1)" 0.0921 0.0918 0.0092 0.0002 0.1839 1.001 14725110.6503
"p_w_(40, 1)" 0.0005 0.0001 0.0 0.0004 0.0006 1.001 6325.8782
"p_w_(19, 1)" 0.0002 0.0002 0.0 0.0001 0.0004 1.001 87996.9805
"p_w_(33, 3)" 0.4716 0.1531 0.0153 0.3186 0.6247 1.001 3299166695.703
"p_w_(18, 1)" 0.6049 0.0723 0.0072 0.5326 0.6772 1.001 259843079.672
"p_w_(12, 4)" 0.4141 0.0904 0.009 0.3236 0.5045 1.001 102376561.7817
"p_w_(42, 1)" 0.0011 0.0002 0.0 0.0008 0.0013 1.1278 3.4681
"p_w_(51, 3)" 0.0003 0.0002 0.0 0.0002 0.0005 1.001 65689.5872
"p_w_(0, 3)" 0.4234 0.1764 0.0176 0.247 0.5998 1.001 409159.2919
"p_w_(13, 2)" 0.4308 0.0451 0.0045 0.3857 0.476 1.001 40008842.5516
"p_w_(34, 3)" 0.3912 0.1075 0.0107 0.2837 0.4987 1.001 882134720.5978
"p_w_(25, 3)" 0.5445 0.0474 0.0047 0.4971 0.5919 1.001 735859088.0497
"p_w_(2, 4)" 0.4905 0.143 0.0143 0.3475 0.6335 1.001 85467748.8248
"p_w_(67, 3)" 0.0003 0.0 0.0 0.0003 0.0003 1.001 2896.8735
"p_w_(52, 3)" 0.2862 0.1123 0.0112 0.174 0.3985 1.001 26743874.4223
"p_w_(6, 3)" 0.3402 0.1089 0.0109 0.2313 0.4491 1.001 580894785.5674
"p_w_(43, 3)" 0.4286 0.0791 0.0079 0.3495 0.5078 1.001 20825159291.8355
"p_w_(1, 2)" 0.4714 0.0221 0.0022 0.4493 0.4935 1.001 528786586.2792
"p_w_(44, 1)" 0.0001 0.0 0.0 0.0 0.0001 1.001 9683.347
"p_w_(70, 3)" 0.2254 0.0498 0.005 0.1756 0.2752 1.001 9362356.5861
"p_w_(12, 2)" 0.4242 0.1851 0.0185 0.2391 0.6094 1.001 432368490.772
"p_w_(60, 3)" 0.6203 0.0183 0.0018 0.602 0.6385 1.001 154642459.8368
"p_w_(2, 2)" 0.4075 0.0878 0.0088 0.3197 0.4953 1.001 122445558.9811
"p_w_(15, 4)" 0.1394 0.1391 0.0139 0.0003 0.2784 1.001 796693.1016
"p_w_(16, 1)" 0.5738 0.0424 0.0042 0.5314 0.6163 1.001 65288828.5168
"p_w_(9, 3)" 0.632 0.0971 0.0097 0.5349 0.7291 1.001 620368962.5988
"p_w_(9, 2)" 0.4768 0.1768 0.0177 0.3001 0.6536 1.001 4020199885.7343
"p_w_(4, 2)" 0.4831 0.1296 0.013 0.3535 0.6127 1.001 513091967.7769
"p_w_(17, 4)" 0.5477 0.024 0.0024 0.5236 0.5717 1.001 2092954.1502
"p_w_(5, 3)" 0.3179 0.038 0.0038 0.2799 0.3559 1.001 105289767.5378
"p_w_(8, 1)" 0.4792 0.2128 0.0213 0.2664 0.692 1.001 91997685.0422
"p_w_(56, 3)" 0.5089 0.0061 0.0006 0.5027 0.515 1.001 6092826.0521
"p_w_(38, 1)" 0.2813 0.0589 0.0059 0.2224 0.3402 1.001 108479193.4319
"p_w_(7, 1)" 0.4435 0.074 0.0074 0.3695 0.5174 1.001 5425941.1241
"p_w_(0, 1)" 0.3571 0.1147 0.0115 0.2424 0.4718 1.001 426500426.7872
"p_w_(10, 4)" 0.3628 0.0455 0.0045 0.3174 0.4083 1.001 2396437293.0557
"p_w_(13, 3)" 0.4396 0.029 0.0029 0.4106 0.4687 1.001 191983534.9551
"p_w_(26, 3)" 0.6596 0.0035 0.0003 0.6561 0.6631 1.001 50369573.41
"p_w_(36, 3)" 0.522 0.0174 0.0017 0.5046 0.5395 1.001 322660629.785
"p_w_(39, 1)" 0.356 0.0735 0.0073 0.2825 0.4295 1.001 582669056.9743
"p_w_(29, 1)" 0.0007 0.0 0.0 0.0007 0.0007 1.001 1705.6367
"p_w_(19, 4)" 0.0002 0.0 0.0 0.0001 0.0002 1.001 11104.9158
"p_w_(48, 1)" 0.592 0.1264 0.0126 0.4656 0.7184 1.001 17733221.8836
"p_w_(7, 2)" 0.4123 0.0965 0.0097 0.3158 0.5089 1.001 216156404.9503
"p_w_(73, 3)" 0.0007 0.0 0.0 0.0007 0.0007 1.0018 41.5575
"p_w_(68, 3)" 0.2864 0.0489 0.0049 0.2375 0.3353 1.001 11551855.6404
"p_w_(19, 3)" 0.5392 0.0771 0.0077 0.4621 0.6163 1.001 123242484.7542
"p_w_(4, 3)" 0.0882 0.0878 0.0088 0.0004 0.176 1.001 30901.8762
"p_w_(5, 2)" 0.5316 0.0105 0.0011 0.5211 0.5421 1.001 37110442.3211
"p_w_(42, 3)" 0.4536 0.0929 0.0093 0.3606 0.5465 1.001 1327954910.6571
"p_w_(38, 3)" 0.4581 0.1413 0.0141 0.3168 0.5994 1.001 133114643.2735
"p_w_(66, 3)" 0.0005 0.0001 0.0 0.0004 0.0006 1.001 476.3016
"p_w_(10, 3)" 0.4489 0.0817 0.0082 0.3672 0.5306 1.001 968102794.6812
"p_w_(35, 3)" 0.5853 0.0892 0.0089 0.4961 0.6745 1.001 2326879279.5296
"p_w_(1, 4)" 0.463 0.1033 0.0103 0.3598 0.5663 1.001 1381520945.1109
"p_w_(22, 3)" 0.4489 0.025 0.0025 0.424 0.4739 1.001 262055388.7172
"p_w_(25, 1)" 0.0007 0.0002 0.0 0.0005 0.0009 1.001 41666.2757
"p_w_(3, 4)" 0.4719 0.2346 0.0235 0.2374 0.7065 1.001 772693206.4971
"p_w_(11, 1)" 0.3185 0.1419 0.0142 0.1766 0.4604 1.001 64081684.2414
"p_w_(9, 4)" 0.3428 0.1698 0.017 0.173 0.5126 1.001 80119912.0331
"p_w_(23, 1)" 0.3907 0.0726 0.0073 0.3181 0.4633 1.001 114145283.8269
"p_w_(28, 3)" 0.3537 0.0714 0.0071 0.2823 0.4252 1.001 422517941.9455
"p_w_(16, 4)" 0.4094 0.1668 0.0167 0.2426 0.5763 1.001 1919499479.388
"p_w_(21, 3)" 0.4093 0.1788 0.0179 0.2305 0.5881 1.001 949156011.8591
"p_w_(6, 4)" 0.5436 0.1766 0.0177 0.367 0.7202 1.001 165690925.8464
"p_w_(14, 4)" 0.296 0.0331 0.0033 0.2629 0.329 1.001 100970994.9694
"p_w_(12, 1)" 0.4119 0.163 0.0163 0.2489 0.5749 1.001 81803241.5871
"p_w_(55, 3)" 0.6669 0.0572 0.0057 0.6097 0.7241 1.001 339270664.6753
"p_w_(15, 2)" 0.5261 0.1041 0.0104 0.422 0.6302 1.001 2799551050.5628
"p_w_(8, 4)" 0.2466 0.0698 0.007 0.1768 0.3164 1.001 141444149.4702
"p_w_(65, 3)" 0.5574 0.0916 0.0092 0.4657 0.649 1.001 2287327628.1029
"p_w_(10, 2)" 0.383 0.1513 0.0151 0.2316 0.5343 1.001 1864596090.5145
"p_w_(13, 1)" 0.3744 0.1415 0.0141 0.233 0.5159 1.001 52147633.6332
"p_w_(31, 3)" 0.303 0.0081 0.0008 0.2949 0.3112 1.001 160511222.9289
"p_w_(26, 1)" 0.3461 0.137 0.0137 0.2091 0.483 1.001 303924292.7191
"p_w_(36, 1)" 0.0005 0.0 0.0 0.0005 0.0005 1.001 312.8449
"p_w_(0, 2)" 0.3859 0.0486 0.0049 0.3373 0.4345 1.001 3441179250.455
"p_w_(47, 3)" 0.3033 0.0064 0.0006 0.2969 0.3097 1.001 49268245.2347
"p_w_(3, 3)" 0.3459 0.0837 0.0084 0.2622 0.4296 1.001 328813906.8511
"p_w_(14, 3)" 0.4066 0.2181 0.0218 0.1885 0.6247 1.001 28018028.4957
"p_w_(24, 1)" 0.4354 0.0656 0.0066 0.3697 0.501 1.001 42122919.7054
"p_w_(30, 1)" 0.3161 0.0393 0.0039 0.2768 0.3554 1.001 441476.1862
"p_w_(32, 3)" 0.4812 0.1586 0.0159 0.3225 0.6398 1.001 3994336838.5874
"p_w_(59, 3)" 0.0009 0.0001 0.0 0.0008 0.001 1.0011 162.8765
"p_w_(49, 3)" 0.5327 0.1141 0.0114 0.4186 0.6468 1.001 149883744.2442
"p_w_(21, 4)" 0.3278 0.0059 0.0006 0.3216 0.3337 1.0016 51.7718
"p_w_(4, 1)" 0.4433 0.0157 0.0016 0.4277 0.459 1.001 47958.3826
"p_w_(5, 4)" 0.5599 0.0788 0.0079 0.4811 0.6387 1.001 68448404.847
"p_w_(17, 3)" 0.5487 0.1144 0.0114 0.4343 0.663 1.001 83405573.6252
"p_w_(12, 3)" 0.3924 0.0528 0.0053 0.3395 0.4452 1.001 63872258.3961
"p_w_(69, 3)" 0.543 0.0861 0.0086 0.4568 0.6291 1.001 717562.7048
"p_w_(10, 1)" 0.4305 0.1849 0.0185 0.2456 0.6154 1.001 606950416.4049
"p_w_(0, 4)" 0.5669 0.1618 0.0162 0.4051 0.7288 1.001 5763111874.1485
"p_w_(35, 1)" 0.5928 0.1152 0.0115 0.4776 0.7079 1.001 541507929.2737
"p_w_(22, 1)" 0.383 0.0892 0.0089 0.2939 0.4722 1.001 275562863.9849
"p_w_(50, 3)" 0.4538 0.2129 0.0213 0.241 0.6667 1.001 862051479.7679
"p_w_(40, 3)" 0.3421 0.0502 0.005 0.2919 0.3923 1.001 126935002.3533
"p_w_(3, 2)" 0.6965 0.008 0.0008 0.6886 0.7045 1.001 494014733.1617
"p_w_(61, 3)" 0.6604 0.0295 0.0029 0.631 0.6899 1.001 86097512.1577
"p_w_(11, 2)" 0.2547 0.0724 0.0072 0.1823 0.3272 1.001 1263548462.6623
"p_w_(14, 2)" 0.5298 0.1008 0.0101 0.4289 0.6306 1.001 1296685354.4715
"p_w_(20, 1)" 0.47 0.1477 0.0148 0.3223 0.6177 1.001 320802461.7839
"p_w_(18, 4)" 0.2685 0.0398 0.004 0.2287 0.3083 1.001 607610873.2156
"p_w_(23, 3)" 0.2886 0.0498 0.005 0.2388 0.3384 1.001 108354937.1177
"p_w_(58, 3)" 0.5164 0.0202 0.002 0.4962 0.5367 1.001 8984301.4147
"p_w_(21, 1)" 0.5209 0.0417 0.0042 0.4791 0.5626 1.001 3396225.6666
"p_w_(46, 1)" 0.45 0.1351 0.0135 0.3149 0.5852 1.001 60838846.4315
"p_w_(54, 3)" 0.4959 0.1958 0.0196 0.3001 0.6916 1.001 1186564107.2025
"p_w_(62, 3)" 0.4662 0.2246 0.0225 0.2417 0.6908 1.001 299651992.6303
"p_w_(27, 1)" 0.5931 0.0652 0.0065 0.5279 0.6582 1.001 785067934.558
"p_w_(43, 1)" 0.3902 0.1261 0.0126 0.264 0.5163 1.001 147951047.2993
"p_w_(17, 1)" 0.4543 0.263 0.0263 0.1912 0.7173 1.001 295033359.0391
"p_w_(41, 3)" 0.5299 0.0579 0.0058 0.472 0.5878 1.001 338058637.6631
"p_w_(7, 4)" 0.6555 0.0044 0.0004 0.6512 0.6599 1.001 181790165.1899
"p_w_(45, 1)" 0.0001 0.0 0.0 0.0001 0.0002 1.001 309959.3858
"p_w_(31, 1)" 0.0015 0.0004 0.0 0.0011 0.0018 1.001 5982.617
"p_w_(6, 1)" 0.0017 0.0003 0.0 0.0013 0.002 1.001 2695.4059
"p_w_(37, 1)" 0.5427 0.0086 0.0009 0.5342 0.5513 1.001 3553788.6506
"p_w_(15, 1)" 0.5704 0.0658 0.0066 0.5046 0.6362 1.001 112237.1498
"p_w_(1, 1)" 0.5904 0.0021 0.0002 0.5883 0.5925 1.001 108581593.4149
"p_w_(2, 1)" 0.0014 0.0005 0.0 0.001 0.0019 1.001 1929.8736
"p_w_(57, 3)" 0.0002 0.0 0.0 0.0002 0.0003 1.001 2129.4461
"p_w_(47, 1)" 0.4271 0.1916 0.0192 0.2355 0.6187 1.001 210126172.6927
"p_w_(72, 3)" 0.6137 0.0107 0.0011 0.603 0.6243 1.001 24485584.5774
"p_w_(11, 3)" 0.5557 0.0684 0.0068 0.4873 0.6241 1.001 9198239.725
"p_w_(14, 1)" 0.0006 0.0 0.0 0.0006 0.0006 1.001 692.5788
"p_w_(33, 1)" 0.0006 0.0002 0.0 0.0004 0.0008 1.001 3029.1727
"p_w_(24, 3)" 0.3434 0.0899 0.009 0.2535 0.4333 1.001 1475018547.8943
"p_w_(30, 3)" 0.3703 0.0136 0.0014 0.3567 0.3839 1.001 35198421.0458
"p_w_(18, 3)" 0.0802 0.0796 0.008 0.0007 0.16 1.001 707.8392
"p_w_(9, 1)" 0.0006 0.0 0.0 0.0005 0.0006 1.0013 64.9479
"p_w_(8, 2)" 0.4577 0.0589 0.0059 0.3989 0.5166 1.001 1290065785.9589
"p_w_(32, 1)" 0.5278 0.0677 0.0068 0.4601 0.5954 1.001 68574949.4348
"p_w_(41, 1)" 0.5865 0.0319 0.0032 0.5547 0.6184 1.001 1944796873.9477
"p_w_(71, 3)" 0.3152 0.2311 0.0231 0.0651 0.5667 1.0039 23.9226
"p_d_w_(34, 1)" 0.8802 0.0771 0.0077 0.8031 0.9574 1.001 107762886.6448
"p_d_w_(74, 3)" 0.9205 0.0169 0.0017 0.9036 0.9373 1.001 34207.8295
"p_d_w_(6, 2)" 0.8525 0.0571 0.0057 0.7954 0.9096 1.001 164119766.1983
"p_d_w_(13, 4)" 0.9057 0.0107 0.0011 0.8949 0.9164 1.001 42007844.0248
"p_d_w_(44, 3)" 0.8498 0.0506 0.0051 0.7992 0.9004 1.001 36706283.4128
"p_d_w_(20, 4)" 0.8059 0.0948 0.0095 0.7112 0.9007 1.001 70663613.8641
"p_d_w_(11, 4)" 0.9573 0.0174 0.0017 0.9399 0.9747 1.001 20535381.0292
"p_d_w_(23, 4)" 0.8925 0.0122 0.0012 0.8803 0.9047 1.001 29034047.8215
"p_d_w_(16, 3)" 0.7774 0.0168 0.0017 0.7606 0.7942 1.001 86180582.6613
"p_d_w_(3, 1)" 0.9331 0.0445 0.0044 0.8886 0.9776 1.001 44502025.7239
"p_d_w_(64, 3)" 0.883 0.042 0.0042 0.841 0.925 1.001 446226400.302
"p_d_w_(37, 3)" 0.8671 0.0541 0.0054 0.813 0.9212 1.001 1050727240.3155
"p_d_w_(24, 4)" 0.9638 0.0246 0.0025 0.9392 0.9884 1.001 247804297.3538
"p_d_w_(20, 3)" 0.826 0.0141 0.0014 0.8119 0.8401 1.001 18445.8101
"p_d_w_(4, 4)" 0.9695 0.0221 0.0022 0.9474 0.9916 1.001 11263304.6003
"p_d_w_(5, 1)" 0.9744 0.0217 0.0022 0.9527 0.9961 1.001 2731348.6322
"p_d_w_(8, 3)" 0.8428 0.0082 0.0008 0.8345 0.851 1.001 46483.5346
"p_d_w_(7, 3)" 0.8733 0.0494 0.0049 0.8187 0.9259 1.0042 22.8397
"p_d_w_(26, 4)" 0.8661 0.0772 0.0077 0.7889 0.9433 1.001 21212494.5862
"p_d_w_(39, 3)" 0.9159 0.0216 0.0022 0.8943 0.9375 1.001 833388.1021
"p_d_w_(29, 3)" 0.6177 0.0417 0.0042 0.576 0.6594 1.001 40513014.0687
"p_d_w_(46, 3)" 0.6961 0.0296 0.003 0.6665 0.7257 1.001 23448.5909
"p_d_w_(27, 3)" 0.6275 0.0421 0.0042 0.5854 0.6696 1.001 112973.0277
"p_d_w_(15, 3)" 0.7654 0.0199 0.002 0.7455 0.7852 1.001 76791.5002
"p_d_w_(48, 3)" 0.7742 0.0122 0.0012 0.762 0.7864 1.001 96619594.3672
"p_d_w_(45, 3)" 0.8346 0.0219 0.0022 0.8127 0.8566 1.001 18933906.2815
"p_d_w_(53, 3)" 0.8832 0.0158 0.0016 0.8674 0.899 1.001 14299089.0934
"p_d_w_(22, 4)" 0.7981 0.0399 0.004 0.7582 0.8381 1.001 95591.3132
"p_d_w_(1, 3)" 0.975 0.0043 0.0004 0.9707 0.9793 1.001 182422012.9547
"p_d_w_(2, 3)" 0.9532 0.0346 0.0035 0.9186 0.9877 1.001 123216423.4593
"p_d_w_(25, 4)" 0.8184 0.0649 0.0065 0.7533 0.8833 1.001 1537.442
"p_d_w_(63, 3)" 0.9235 0.0079 0.0008 0.9156 0.9315 1.001 21766.8474
"p_d_w_(28, 1)" 0.9544 0.0117 0.0012 0.9428 0.9661 1.001 11256296.7637
"p_d_w_(40, 1)" 0.9118 0.0433 0.0043 0.8685 0.955 1.001 22186248.0425
"p_d_w_(19, 1)" 0.9839 0.007 0.0007 0.9768 0.9909 1.001 476326.8918
"p_d_w_(33, 3)" 0.8379 0.0034 0.0003 0.8345 0.8414 1.001 6103197.1987
"p_d_w_(18, 1)" 0.8866 0.0685 0.0069 0.818 0.9551 1.001 123640228.298
"p_d_w_(12, 4)" 0.8578 0.0432 0.0043 0.8146 0.9009 1.001 11142161.8226
"p_d_w_(42, 1)" 0.6835 0.0542 0.0054 0.6292 0.7377 1.001 4540.6152
"p_d_w_(51, 3)" 0.9141 0.0173 0.0017 0.8968 0.9314 1.001 275037.1326
"p_d_w_(0, 3)" 0.9218 0.0288 0.0029 0.893 0.9506 1.001 1025104.6349
"p_d_w_(13, 2)" 0.9848 0.0026 0.0003 0.9821 0.9874 1.001 84896886.9955
"p_d_w_(34, 3)" 0.8272 0.0424 0.0042 0.7849 0.8696 1.001 1661.2903
"p_d_w_(25, 3)" 0.9327 0.0253 0.0025 0.9073 0.958 1.001 270772439.5257
"p_d_w_(2, 4)" 0.859 0.0476 0.0048 0.8113 0.9066 1.001 1374.8137
"p_d_w_(67, 3)" 0.9108 0.0428 0.0043 0.868 0.9536 1.001 1624386.9121
"p_d_w_(52, 3)" 0.7579 0.0238 0.0024 0.734 0.7818 1.001 543.4675
"p_d_w_(6, 3)" 0.8008 0.0467 0.0047 0.7541 0.8475 1.001 703792.9042
"p_d_w_(43, 3)" 0.6054 0.0189 0.0019 0.5865 0.6243 1.001 20639491841.8873
"p_d_w_(1, 2)" 0.9163 0.007 0.0007 0.9093 0.9233 1.001 46022495.6961
"p_d_w_(44, 1)" 0.8488 0.0072 0.0007 0.8416 0.856 1.001 528.6397
"p_d_w_(70, 3)" 0.9506 0.0291 0.0029 0.9191 0.9807 1.0029 29.1833
"p_d_w_(12, 2)" 0.7131 0.0666 0.0067 0.6465 0.7797 1.001 585837657.1379
"p_d_w_(60, 3)" 0.9696 0.0002 0.0 0.9695 0.9698 1.001 1382716.9458
"p_d_w_(2, 2)" 0.8375 0.0477 0.0048 0.7897 0.8852 1.001 412050600.7721
"p_d_w_(15, 4)" 0.9059 0.0144 0.0014 0.8915 0.9202 1.001 1121846.8933
"p_d_w_(16, 1)" 0.7803 0.0461 0.0046 0.7342 0.8263 1.001 254889995.3553
"p_d_w_(9, 3)" 0.9739 0.0042 0.0004 0.9698 0.9781 1.001 105639590.7567
"p_d_w_(9, 2)" 0.7768 0.0138 0.0014 0.763 0.7906 1.001 1177704587.1257
"p_d_w_(4, 2)" 0.9091 0.0125 0.0012 0.8966 0.9216 1.001 195755926.3862
"p_d_w_(17, 4)" 0.8674 0.0725 0.0072 0.7949 0.9399 1.001 37748912.7969
"p_d_w_(5, 3)" 0.9815 0.0104 0.001 0.9711 0.9918 1.001 618551426.5235
"p_d_w_(8, 1)" 0.9791 0.012 0.0012 0.9671 0.9911 1.001 726104.9693
"p_d_w_(56, 3)" 0.9664 0.0071 0.0007 0.9593 0.9735 1.001 274364.6317
"p_d_w_(38, 1)" 0.8508 0.0684 0.0068 0.7824 0.9192 1.001 2636444.9691
"p_d_w_(7, 1)" 0.8734 0.0265 0.0026 0.8469 0.8998 1.001 697480.4361
"p_d_w_(0, 1)" 0.97 0.0073 0.0007 0.9627 0.9773 1.001 171804.9624
"p_d_w_(10, 4)" 0.6515 0.0727 0.0073 0.5788 0.7242 1.001 853770.3759
"p_d_w_(13, 3)" 0.9462 0.0054 0.0005 0.9408 0.9516 1.001 7578608.4273
"p_d_w_(26, 3)" 0.9489 0.0101 0.001 0.9389 0.959 1.001 89050021.4285
"p_d_w_(36, 3)" 0.8802 0.0068 0.0007 0.8734 0.8871 1.001 108847125.4083
"p_d_w_(39, 1)" 0.7132 0.0389 0.0039 0.6742 0.7521 1.001 149926946.1087
"p_d_w_(29, 1)" 0.5016 0.0003 0.0 0.5014 0.5019 1.001 4424.7819
"p_d_w_(19, 4)" 0.9554 0.0258 0.0026 0.9296 0.9812 1.001 173251.5969
"p_d_w_(48, 1)" 0.8593 0.076 0.0076 0.7833 0.9353 1.001 29705414.415
"p_d_w_(7, 2)" 0.8987 0.0112 0.0011 0.8875 0.91 1.001 53611064.2022
"p_d_w_(73, 3)" 0.9239 0.0301 0.003 0.8904 0.9559 1.0045 21.5263
"p_d_w_(68, 3)" 0.9417 0.031 0.0031 0.908 0.974 1.0032 27.2222
"p_d_w_(19, 3)" 0.7865 0.0708 0.0071 0.7157 0.8572 1.001 489737645.5447
"p_d_w_(4, 3)" 0.9934 0.0025 0.0002 0.9909 0.9959 1.001 204981.4975
"p_d_w_(5, 2)" 0.9814 0.0032 0.0003 0.9782 0.9845 1.001 231159868.3856
"p_d_w_(42, 3)" 0.6113 0.0221 0.0022 0.5892 0.6333 1.001 1357177995.8718
"p_d_w_(38, 3)" 0.7596 0.0047 0.0005 0.7548 0.7643 1.001 867544.718
"p_d_w_(66, 3)" 0.6625 0.0483 0.0048 0.6142 0.7109 1.001 405836.4027
"p_d_w_(10, 3)" 0.924 0.0005 0.0 0.9235 0.9245 1.001 3724084.2356
"p_d_w_(35, 3)" 0.8968 0.0343 0.0034 0.8625 0.9312 1.001 677633439.935
"p_d_w_(1, 4)" 0.9241 0.0319 0.0032 0.8922 0.956 1.001 116640452.7129
"p_d_w_(22, 3)" 0.8004 0.0646 0.0065 0.7358 0.865 1.001 863665453.3107
"p_d_w_(25, 1)" 0.9434 0.0105 0.0011 0.9329 0.9539 1.001 15455573.1638
"p_d_w_(3, 4)" 0.8472 0.0655 0.0065 0.7816 0.9127 1.001 1696.0488
"p_d_w_(11, 1)" 0.9254 0.0272 0.0027 0.8982 0.9526 1.001 8983857.5876
"p_d_w_(9, 4)" 0.9493 0.0358 0.0036 0.9135 0.9851 1.001 18205356.4796
"p_d_w_(23, 1)" 0.5975 0.0177 0.0018 0.5797 0.6152 1.001 306895.7993
"p_d_w_(28, 3)" 0.9107 0.0003 0.0 0.9104 0.911 1.001 1528617.6043
"p_d_w_(16, 4)" 0.8559 0.0078 0.0008 0.8482 0.8637 1.001 172838.303
"p_d_w_(21, 3)" 0.9236 0.0341 0.0034 0.8896 0.9577 1.001 280224749.3078
"p_d_w_(6, 4)" 0.9376 0.0287 0.0029 0.9089 0.9663 1.001 185700403.6431
"p_d_w_(14, 4)" 0.7831 0.0073 0.0007 0.7758 0.7904 1.001 120252.0034
"p_d_w_(12, 1)" 0.6012 0.039 0.0039 0.5622 0.6402 1.001 1044295.6727
"p_d_w_(55, 3)" 0.9006 0.0505 0.005 0.8501 0.9511 1.001 637353.9673
"p_d_w_(15, 2)" 0.8087 0.0021 0.0002 0.8066 0.8108 1.001 167857698.5218
"p_d_w_(8, 4)" 0.9795 0.0168 0.0017 0.9627 0.9963 1.001 18099328.168
"p_d_w_(65, 3)" 0.9406 0.0369 0.0037 0.9037 0.9774 1.001 500712173.8578
"p_d_w_(10, 2)" 0.9603 0.0113 0.0011 0.949 0.9716 1.001 326859165.6438
"p_d_w_(13, 1)" 0.8192 0.0568 0.0057 0.7625 0.876 1.001 12272402.0819
"p_d_w_(31, 3)" 0.9547 0.0294 0.0029 0.9253 0.9842 1.001 1197218634.5696
"p_d_w_(26, 1)" 0.9441 0.0239 0.0024 0.9202 0.968 1.001 480704.1838
"p_d_w_(36, 1)" 0.9096 0.0439 0.0044 0.8657 0.9535 1.001 4945441.9923
"p_d_w_(0, 2)" 0.977 0.0068 0.0007 0.9703 0.9838 1.001 784518839.9481
"p_d_w_(47, 3)" 0.8104 0.0212 0.0021 0.7892 0.8315 1.001 241350372.4595
"p_d_w_(3, 3)" 0.9916 0.0024 0.0002 0.9892 0.994 1.001 212096982.0549
"p_d_w_(14, 3)" 0.8073 0.0275 0.0028 0.7797 0.8348 1.001 104529.3509
"p_d_w_(24, 1)" 0.9486 0.0258 0.0026 0.9228 0.9745 1.001 71074900.235
"p_d_w_(30, 1)" 0.9645 0.0286 0.0029 0.9359 0.9932 1.001 7146736.3942
"p_d_w_(32, 3)" 0.8606 0.0176 0.0018 0.8429 0.8782 1.001 160035359.4963
"p_d_w_(59, 3)" 0.9255 0.0498 0.005 0.8757 0.9752 1.001 595894.7721
"p_d_w_(49, 3)" 0.8519 0.0151 0.0015 0.8368 0.8671 1.001 18393628.6295
"p_d_w_(21, 4)" 0.949 0.0397 0.004 0.9093 0.9887 1.001 4184.0671
"p_d_w_(4, 1)" 0.9434 0.0272 0.0027 0.9162 0.9706 1.001 1128824.237
"p_d_w_(5, 4)" 0.8577 0.0667 0.0067 0.791 0.9244 1.001 264214081.7131
"p_d_w_(17, 3)" 0.8213 0.0444 0.0044 0.7768 0.8658 1.001 1138.6762
"p_d_w_(12, 3)" 0.978 0.0003 0.0 0.9777 0.9783 1.001 12484602.3815
"p_d_w_(69, 3)" 0.7286 0.0364 0.0036 0.6922 0.765 1.001 242253.3214
"p_d_w_(10, 1)" 0.9172 0.0354 0.0035 0.8817 0.9526 1.001 1122759.7154
"p_d_w_(0, 4)" 0.7711 0.0305 0.003 0.7405 0.8016 1.001 701.346
"p_d_w_(35, 1)" 0.6442 0.0265 0.0027 0.6177 0.6707 1.001 931275.6448
"p_d_w_(22, 1)" 0.9609 0.0153 0.0015 0.9456 0.9763 1.001 456729.0821
"p_d_w_(50, 3)" 0.9386 0.0018 0.0002 0.9368 0.9404 1.001 43223018.209
"p_d_w_(40, 3)" 0.5848 0.0122 0.0012 0.5726 0.597 1.001 1730781.9966
"p_d_w_(3, 2)" 0.8123 0.016 0.0016 0.7963 0.8283 1.001 2455568475.6043
"p_d_w_(61, 3)" 0.966 0.0161 0.0016 0.9499 0.9821 1.001 568864039.1022
"p_d_w_(11, 2)" 0.9318 0.0414 0.0041 0.8904 0.9732 1.001 328650371.3376
"p_d_w_(14, 2)" 0.8008 0.0017 0.0002 0.7991 0.8025 1.001 4786789.9679
"p_d_w_(20, 1)" 0.6156 0.0347 0.0035 0.5808 0.6503 1.001 301467.5241
"p_d_w_(18, 4)" 0.7251 0.0576 0.0058 0.6675 0.7826 1.001 10797431.2448
"p_d_w_(23, 3)" 0.9074 0.021 0.0021 0.8865 0.9284 1.001 156973064.3194
"p_d_w_(58, 3)" 0.9619 0.0148 0.0015 0.9471 0.9767 1.001 38927955.6062
"p_d_w_(21, 1)" 0.8303 0.0156 0.0016 0.8147 0.8458 1.001 184954.2405
"p_d_w_(46, 1)" 0.7836 0.0416 0.0042 0.742 0.8253 1.001 100761870.2333
"p_d_w_(54, 3)" 0.976 0.0117 0.0012 0.9644 0.9877 1.001 669903938.4788
"p_d_w_(62, 3)" 0.9148 0.0069 0.0007 0.9079 0.9217 1.001 16806.6914
"p_d_w_(27, 1)" 0.8143 0.0711 0.0071 0.7432 0.8855 1.001 988971.4458
"p_d_w_(43, 1)" 0.5966 0.0304 0.003 0.5661 0.627 1.001 1209.8805
"p_d_w_(17, 1)" 0.9865 0.0075 0.0007 0.979 0.9939 1.001 308425.9577
"p_d_w_(41, 3)" 0.6294 0.0135 0.0014 0.6159 0.6429 1.001 333266691.1445
"p_d_w_(7, 4)" 0.7583 0.0263 0.0026 0.732 0.7846 1.001 138484003.5358
"p_d_w_(45, 1)" 0.8188 0.0877 0.0088 0.7312 0.9065 1.001 10752076.9066
"p_d_w_(31, 1)" 0.7645 0.0413 0.0041 0.7232 0.8058 1.001 896516.7385
"p_d_w_(6, 1)" 0.6864 0.0314 0.0031 0.655 0.7178 1.001 628292.844
"p_d_w_(37, 1)" 0.761 0.0525 0.0053 0.7085 0.8136 1.001 10113656.7166
"p_d_w_(15, 1)" 0.9563 0.0289 0.0029 0.9275 0.9852 1.001 731089.2695
"p_d_w_(1, 1)" 0.8492 0.017 0.0017 0.8322 0.8662 1.001 79450.932
"p_d_w_(2, 1)" 0.8897 0.0288 0.0029 0.8609 0.9184 1.001 1007565.5509
"p_d_w_(57, 3)" 0.8255 0.0537 0.0054 0.7718 0.8792 1.001 1545506.1572
"p_d_w_(47, 1)" 0.7901 0.013 0.0013 0.7771 0.8031 1.001 21338278.1652
"p_d_w_(72, 3)" 0.8961 0.0014 0.0001 0.8947 0.8975 1.001 11811.6141
"p_d_w_(11, 3)" 0.9302 0.0004 0.0 0.9299 0.9306 1.001 676577.9723
"p_d_w_(14, 1)" 0.8705 0.0245 0.0024 0.846 0.8949 1.001 10421899.9407
"p_d_w_(33, 1)" 0.9326 0.0368 0.0037 0.8958 0.9694 1.001 7922849.1195
"p_d_w_(24, 3)" 0.7271 0.0027 0.0003 0.7243 0.7298 1.001 410917.9841
"p_d_w_(30, 3)" 0.9119 0.0208 0.0021 0.8911 0.9327 1.001 49437307.4534
"p_d_w_(18, 3)" 0.9257 0.0109 0.0011 0.9148 0.9365 1.001 1238.9773
"p_d_w_(9, 1)" 0.8842 0.0532 0.0053 0.831 0.9374 1.001 2485211.7257
"p_d_w_(8, 2)" 0.9116 0.0035 0.0004 0.9081 0.9152 1.001 52962315.004
"p_d_w_(32, 1)" 0.6708 0.0257 0.0026 0.6451 0.6965 1.001 1385017.2258
"p_d_w_(41, 1)" 0.6428 0.0073 0.0007 0.6355 0.6501 1.001 732715.2148
"p_d_w_(71, 3)" 0.9276 0.0319 0.0032 0.8941 0.9603 1.0017 47.1677
