proba:[
( 17,   1,   1) 0.3675
(  1,  17,   1) 0.3675
(  1,  16,   1) 0.4706
( 16,   1,   1) 0.4706
(  1,   4,   1) 0.3171
(  4,   1,   1) 0.3171
(  2,   3,   1) 0.5701
(  3,   2,   1) 0.5701
( 16,   2,   1) 0.4519
(  2,  16,   1) 0.4519
(  3,  21,   1) 0.5937
( 21,   3,   1) 0.5937
( 21,  20,   1) 0.6220
( 20,  21,   1) 0.6220
( 18,  16,   1) 0.1984
( 16,  18,   1) 0.1984
( 18,  19,   1) 0.3276
( 19,  18,   1) 0.3276
(  4,  18,   1) 0.3379
( 18,   4,   1) 0.3379
(  4,  26,   1) 0.6365
( 26,   4,   1) 0.6365
( 19,  20,   1) 0.2918
( 20,  19,   1) 0.2918
( 19,  23,   1) 0.3256
( 23,  19,   1) 0.3256
( 20,   2,   1) 0.3759
(  2,  20,   1) 0.3759
( 25,   4,   1) 0.2799
(  4,  25,   1) 0.2799
(  5,  20,   1) 0.2794
( 20,   5,   1) 0.2794
( 23,   5,   1) 0.3099
(  5,  23,   1) 0.3099
( 23,   6,   1) 0.3442
(  6,  23,   1) 0.3442
(  6,  18,   1) 0.3751
( 18,   6,   1) 0.3751
(  6,  25,   1) 0.3717
( 25,   6,   1) 0.3717
(  6,  27,   1) 0.4986
( 27,   6,   1) 0.4986
( 26,  28,   1) 0.2267
( 28,  26,   1) 0.2267
( 26,  30,   1) 0.2172
( 30,  26,   1) 0.2172
( 28,  10,   1) 0.3910
( 10,  28,   1) 0.3910
( 27,   5,   1) 0.2549
(  5,  27,   1) 0.2549
( 27,   8,   1) 0.2287
(  8,  27,   1) 0.2287
( 31,   6,   1) 0.2790
(  6,  31,   1) 0.2790
( 31,   9,   1) 0.5035
(  9,  31,   1) 0.5035
( 31,  11,   1) 0.6311
( 11,  31,   1) 0.6311
(  8,  31,   1) 0.4639
( 31,   8,   1) 0.4639
(  8,  34,   1) 0.5955
( 34,   8,   1) 0.5955
( 29,  22,   1) 0.4521
( 22,  29,   1) 0.4521
( 22,   5,   1) 0.3201
(  5,  22,   1) 0.3201
( 29,   8,   1) 0.1361
(  8,  29,   1) 0.1361
( 29,  33,   1) 0.6213
( 33,  29,   1) 0.6213
(  7,  24,   1) 0.3049
( 24,   7,   1) 0.3049
( 24,  26,   1) 0.3614
( 26,  24,   1) 0.3614
(  7,  30,   1) 0.4060
( 30,   7,   1) 0.4060
(  7,  32,   1) 0.1973
( 32,   7,   1) 0.1973
(  9,  25,   1) 0.5628
( 25,   9,   1) 0.5628
(  9,  28,   1) 0.4263
( 28,   9,   1) 0.4263
(  9,  10,   1) 0.4185
( 10,   9,   1) 0.4185
(  9,  35,   1) 0.3017
( 35,   9,   1) 0.3017
( 35,  11,   1) 0.5867
( 11,  35,   1) 0.5867
( 32,  10,   1) 0.4212
( 10,  32,   1) 0.4212
( 32,  36,   1) 0.4627
( 36,  32,   1) 0.4627
( 10,  30,   1) 0.2553
( 30,  10,   1) 0.2553
( 34,  11,   1) 0.1918
( 11,  34,   1) 0.1918
( 33,  34,   1) 0.3878
( 34,  33,   1) 0.3878
( 33,  37,   1) 0.2731
( 37,  33,   1) 0.2731
( 11,  39,   1) 0.3165
( 39,  11,   1) 0.3165
( 37,  39,   1) 0.6314
( 39,  37,   1) 0.6314
( 37,  13,   1) 0.7436
( 13,  37,   1) 0.7436
( 13,  45,   1) 0.6378
( 45,  13,   1) 0.6378
( 39,  40,   1) 0.6478
( 40,  39,   1) 0.6478
( 12,  41,   1) 0.2765
( 41,  12,   1) 0.2765
( 12,  49,   1) 0.2747
( 49,  12,   1) 0.2747
( 49,  14,   1) 0.2934
( 14,  49,   1) 0.2934
( 41,  38,   1) 0.1193
( 38,  41,   1) 0.1193
( 38,  12,   1) 0.3070
( 12,  38,   1) 0.3070
( 41,  14,   1) 0.2484
( 14,  41,   1) 0.2484
( 46,  44,   1) 0.1439
( 44,  46,   1) 0.1439
( 43,  45,   1) 0.1247
( 45,  43,   1) 0.1247
( 44,  43,   1) 0.2992
( 43,  44,   1) 0.2992
( 46,  15,   1) 0.4784
( 15,  46,   1) 0.4784
( 45,  46,   1) 0.2437
( 46,  45,   1) 0.2437
( 45,  47,   1) 0.1548
( 47,  45,   1) 0.1548
( 47,  48,   1) 0.2748
( 48,  47,   1) 0.2748
( 48,  46,   1) 0.1821
( 46,  48,   1) 0.1821
( 15,  42,   1) 0.2061
( 42,  15,   1) 0.2061
( 15,  14,   1) 0.3779
( 14,  15,   1) 0.3779
( 10,   1,   2) 0.6732
(  1,  10,   2) 0.6732
(  1,   4,   2) 0.5040
(  4,   1,   2) 0.5040
(  1,   6,   2) 0.9345
(  6,   1,   2) 0.9345
(  6,   2,   2) 0.1963
(  2,   6,   2) 0.1963
(  2,  14,   2) 0.2475
( 14,   2,   2) 0.2475
( 14,   8,   2) 0.2860
(  8,  14,   2) 0.2860
(  8,   9,   2) 0.1913
(  9,   8,   2) 0.1913
(  9,  16,   2) 0.2349
( 16,   9,   2) 0.2349
(  6,   5,   2) 0.7953
(  5,   6,   2) 0.7953
(  5,  11,   2) 0.8310
( 11,   5,   2) 0.8310
( 11,   6,   2) 0.6813
(  6,  11,   2) 0.6813
( 11,   3,   2) 0.3116
(  3,  11,   2) 0.3116
(  3,  12,   2) 0.1284
( 12,   3,   2) 0.1284
( 12,  13,   2) 0.1204
( 13,  12,   2) 0.1204
( 12,   7,   2) 0.4530
(  7,  12,   2) 0.4530
(  7,  14,   2) 0.1715
( 14,   7,   2) 0.1715
( 14,  15,   2) 0.3615
( 15,  14,   2) 0.3615
(  1,  17,   3) 0.2809
( 17,   1,   3) 0.2809
(  1,  47,   3) 0.2382
( 47,   1,   3) 0.2382
(  1,  51,   3) 0.4679
( 51,   1,   3) 0.4679
(  2,  12,   3) 0.2441
( 12,   2,   3) 0.2441
(  2,  13,   3) 0.3257
( 13,   2,   3) 0.3257
(  2,  20,   3) 0.5006
( 20,   2,   3) 0.5006
(  2,  31,   3) 0.1876
( 31,   2,   3) 0.1876
(  2,  50,   3) 0.2672
( 50,   2,   3) 0.2672
(  3,  15,   3) 0.2994
( 15,   3,   3) 0.2994
(  3,  33,   3) 0.1542
( 33,   3,   3) 0.1542
(  3,  48,   3) 0.3164
( 48,   3,   3) 0.3164
(  3,  53,   3) 0.3439
( 53,   3,   3) 0.3439
(  4,  35,   3) 0.3497
( 35,   4,   3) 0.3497
(  4,  36,   3) 0.2303
( 36,   4,   3) 0.2303
(  4,  38,   3) 0.3262
( 38,   4,   3) 0.3262
(  4,  54,   3) 0.3391
( 54,   4,   3) 0.3391
(  5,  11,   3) 0.5499
( 11,   5,   3) 0.5499
(  5,  20,   3) 0.2897
( 20,   5,   3) 0.2897
(  5,  23,   3) 0.3217
( 23,   5,   3) 0.3217
(  5,  25,   3) 0.4251
( 25,   5,   3) 0.4251
(  6,  23,   3) 0.4284
( 23,   6,   3) 0.4284
(  6,  24,   3) 0.2349
( 24,   6,   3) 0.2349
(  6,  37,   3) 0.1971
( 37,   6,   3) 0.1971
(  6,  56,   3) 0.3018
( 56,   6,   3) 0.3018
(  7,  39,   3) 0.3795
( 39,   7,   3) 0.3795
(  7,  41,   3) 0.1014
( 41,   7,   3) 0.1014
(  7,  42,   3) 0.1661
( 42,   7,   3) 0.1661
(  7,  43,   3) 0.1477
( 43,   7,   3) 0.1477
(  7,  44,   3) 0.0966
( 44,   7,   3) 0.0966
(  7,  57,   3) 0.2523
( 57,   7,   3) 0.2523
(  8,  45,   3) 0.5021
( 45,   8,   3) 0.5021
(  8,  59,   3) 0.4885
( 59,   8,   3) 0.4885
(  9,  10,   3) 0.2598
( 10,   9,   3) 0.2598
(  9,  12,   3) 0.1863
( 12,   9,   3) 0.1863
(  9,  46,   3) 0.5081
( 46,   9,   3) 0.5081
( 10,   9,   3) 0.2598
(  9,  10,   3) 0.2598
( 10,  12,   3) 0.1775
( 12,  10,   3) 0.1775
( 11,   5,   3) 0.5499
(  5,  11,   3) 0.5499
( 11,  13,   3) 0.2897
( 13,  11,   3) 0.2897
( 12,   2,   3) 0.2441
(  2,  12,   3) 0.2441
( 12,   9,   3) 0.1863
(  9,  12,   3) 0.1863
( 12,  10,   3) 0.1775
( 10,  12,   3) 0.1775
( 13,   2,   3) 0.3257
(  2,  13,   3) 0.3257
( 13,  11,   3) 0.2897
( 11,  13,   3) 0.2897
( 14,  48,   3) 0.0992
( 48,  14,   3) 0.0992
( 15,   3,   3) 0.2994
(  3,  15,   3) 0.2994
( 15,  27,   3) 0.2594
( 27,  15,   3) 0.2594
( 15,  28,   3) 0.5000
( 28,  15,   3) 0.5000
( 15,  48,   3) 0.2593
( 48,  15,   3) 0.2593
( 16,  53,   3) 0.0779
( 53,  16,   3) 0.0779
( 17,   1,   3) 0.2809
(  1,  17,   3) 0.2809
( 17,  18,   3) 0.5150
( 18,  17,   3) 0.5150
( 18,  17,   3) 0.5150
( 17,  18,   3) 0.5150
( 18,  34,   3) 0.1901
( 34,  18,   3) 0.1901
( 18,  52,   3) 0.3202
( 52,  18,   3) 0.3202
( 19,  21,   3) 0.3211
( 21,  19,   3) 0.3211
( 20,   2,   3) 0.5006
(  2,  20,   3) 0.5006
( 20,   5,   3) 0.2897
(  5,  20,   3) 0.2897
( 21,  19,   3) 0.3211
( 19,  21,   3) 0.3211
( 21,  56,   3) 0.1551
( 56,  21,   3) 0.1551
( 22,  55,   3) 0.1699
( 55,  22,   3) 0.1699
( 23,   5,   3) 0.3217
(  5,  23,   3) 0.3217
( 23,   6,   3) 0.4284
(  6,  23,   3) 0.4284
( 24,   6,   3) 0.2349
(  6,  24,   3) 0.2349
( 24,  58,   3) 0.4418
( 58,  24,   3) 0.4418
( 25,   5,   3) 0.4251
(  5,  25,   3) 0.4251
( 25,  59,   3) 0.4983
( 59,  25,   3) 0.4983
( 26,  46,   3) 0.0490
( 46,  26,   3) 0.0490
( 27,  15,   3) 0.2594
( 15,  27,   3) 0.2594
( 28,  15,   3) 0.5000
( 15,  28,   3) 0.5000
( 28,  47,   3) 0.3208
( 47,  28,   3) 0.3208
( 29,  51,   3) 0.1139
( 51,  29,   3) 0.1139
( 30,  50,   3) 0.0707
( 50,  30,   3) 0.0707
( 31,   2,   3) 0.1876
(  2,  31,   3) 0.1876
( 31,  32,   3) 0.2837
( 32,  31,   3) 0.2837
( 31,  37,   3) 0.3555
( 37,  31,   3) 0.3555
( 32,  31,   3) 0.2837
( 31,  32,   3) 0.2837
( 32,  49,   3) 0.2828
( 49,  32,   3) 0.2828
( 33,   3,   3) 0.1542
(  3,  33,   3) 0.1542
( 33,  35,   3) 0.2064
( 35,  33,   3) 0.2064
( 34,  18,   3) 0.1901
( 18,  34,   3) 0.1901
( 34,  36,   3) 0.2527
( 36,  34,   3) 0.2527
( 35,   4,   3) 0.3497
(  4,  35,   3) 0.3497
( 35,  33,   3) 0.2064
( 33,  35,   3) 0.2064
( 36,   4,   3) 0.2303
(  4,  36,   3) 0.2303
( 36,  34,   3) 0.2527
( 34,  36,   3) 0.2527
( 37,   6,   3) 0.1971
(  6,  37,   3) 0.1971
( 37,  31,   3) 0.3555
( 31,  37,   3) 0.3555
( 38,   4,   3) 0.3262
(  4,  38,   3) 0.3262
( 38,  42,   3) 0.5948
( 42,  38,   3) 0.5948
( 38,  57,   3) 0.5236
( 57,  38,   3) 0.5236
( 39,   7,   3) 0.3795
(  7,  39,   3) 0.3795
( 39,  54,   3) 0.2625
( 54,  39,   3) 0.2625
( 39,  58,   3) 0.6136
( 58,  39,   3) 0.6136
( 40,  57,   3) 0.1044
( 57,  40,   3) 0.1044
( 41,   7,   3) 0.1014
(  7,  41,   3) 0.1014
( 42,   7,   3) 0.1661
(  7,  42,   3) 0.1661
( 42,  38,   3) 0.5948
( 38,  42,   3) 0.5948
( 43,   7,   3) 0.1477
(  7,  43,   3) 0.1477
( 44,   7,   3) 0.0966
(  7,  44,   3) 0.0966
( 44,  45,   3) 0.5148
( 45,  44,   3) 0.5148
( 45,   8,   3) 0.5021
(  8,  45,   3) 0.5021
( 45,  44,   3) 0.5148
( 44,  45,   3) 0.5148
( 46,   9,   3) 0.5081
(  9,  46,   3) 0.5081
( 46,  26,   3) 0.0490
( 26,  46,   3) 0.0490
( 46,  47,   3) 0.5368
( 47,  46,   3) 0.5368
( 47,   1,   3) 0.2382
(  1,  47,   3) 0.2382
( 47,  28,   3) 0.3208
( 28,  47,   3) 0.3208
( 47,  46,   3) 0.5368
( 46,  47,   3) 0.5368
( 48,  14,   3) 0.0992
( 14,  48,   3) 0.0992
( 48,  15,   3) 0.2593
( 15,  48,   3) 0.2593
( 48,  49,   3) 0.0518
( 49,  48,   3) 0.0518
( 49,   3,   3) 0.3455
(  3,  49,   3) 0.3455
( 49,  32,   3) 0.2828
( 32,  49,   3) 0.2828
( 49,  48,   3) 0.0518
( 48,  49,   3) 0.0518
( 49,  50,   3) 0.0750
( 50,  49,   3) 0.0750
( 50,   2,   3) 0.2672
(  2,  50,   3) 0.2672
( 50,  30,   3) 0.0707
( 30,  50,   3) 0.0707
( 50,  49,   3) 0.0750
( 49,  50,   3) 0.0750
( 51,   1,   3) 0.4679
(  1,  51,   3) 0.4679
( 51,  29,   3) 0.1139
( 29,  51,   3) 0.1139
( 51,  52,   3) 0.1740
( 52,  51,   3) 0.1740
( 52,  18,   3) 0.3202
( 18,  52,   3) 0.3202
( 52,  51,   3) 0.1740
( 51,  52,   3) 0.1740
( 52,  53,   3) 0.1085
( 53,  52,   3) 0.1085
( 53,   3,   3) 0.3439
(  3,  53,   3) 0.3439
( 53,  16,   3) 0.0779
( 16,  53,   3) 0.0779
( 53,  52,   3) 0.1085
( 52,  53,   3) 0.1085
( 54,   4,   3) 0.3391
(  4,  54,   3) 0.3391
( 54,  39,   3) 0.2625
( 39,  54,   3) 0.2625
( 54,  55,   3) 0.0799
( 55,  54,   3) 0.0799
( 55,  22,   3) 0.1699
( 22,  55,   3) 0.1699
( 55,  54,   3) 0.0799
( 54,  55,   3) 0.0799
( 55,  56,   3) 0.1700
( 56,  55,   3) 0.1700
( 56,   6,   3) 0.3018
(  6,  56,   3) 0.3018
( 56,  21,   3) 0.1551
( 21,  56,   3) 0.1551
( 56,  55,   3) 0.1700
( 55,  56,   3) 0.1700
( 57,   7,   3) 0.2523
(  7,  57,   3) 0.2523
( 57,  38,   3) 0.5236
( 38,  57,   3) 0.5236
( 57,  40,   3) 0.1044
( 40,  57,   3) 0.1044
( 58,  24,   3) 0.4418
( 24,  58,   3) 0.4418
( 58,  39,   3) 0.6136
( 39,  58,   3) 0.6136
( 58,  59,   3) 0.1483
( 59,  58,   3) 0.1483
( 59,   8,   3) 0.4885
(  8,  59,   3) 0.4885
( 59,  25,   3) 0.4983
( 25,  59,   3) 0.4983
( 59,  58,   3) 0.1483
( 58,  59,   3) 0.1483
(  8,  60,   3) 0.5024
( 60,   8,   3) 0.5024
( 59,  60,   3) 0.6483
( 60,  59,   3) 0.6483
]
probn:[
(  1,   1) 0.2727
(  2,   1) 0.3411
(  3,   1) 0.3901
(  4,   1) 0.3020
(  5,   1) 0.4069
(  6,   1) 0.3591
(  7,   1) 0.2508
(  8,   1) 0.4362
(  9,   1) 0.3394
( 10,   1) 0.2971
( 11,   1) 0.4230
( 12,   1) 0.2712
( 13,   1) 0.5249
( 14,   1) 0.2857
( 15,   1) 0.3269
( 16,   1) 0.3174
( 17,   1) 0.2432
( 18,   1) 0.3309
( 19,   1) 0.3603
( 20,   1) 0.3846
( 21,   1) 0.4621
( 22,   1) 0.4451
( 23,   1) 0.3874
( 24,   1) 0.2417
( 25,   1) 0.3180
( 26,   1) 0.2720
( 27,   1) 0.4243
( 28,   1) 0.2926
( 29,   1) 0.4514
( 30,   1) 0.2817
( 31,   1) 0.3827
( 32,   1) 0.2547
( 33,   1) 0.4777
( 34,   1) 0.4382
( 35,   1) 0.3402
( 36,   1) 0.2887
( 37,   1) 0.4881
( 38,   1) 0.3011
( 39,   1) 0.4052
( 40,   1) 0.3205
( 41,   1) 0.2974
( 42,   1) 0.3290
( 43,   1) 0.4219
( 44,   1) 0.3874
( 45,   1) 0.4130
( 46,   1) 0.3852
( 47,   1) 0.4105
( 48,   1) 0.3782
( 49,   1) 0.2604
(  1,   2) 0.3658
(  2,   2) 0.3042
(  3,   2) 0.2714
(  4,   2) 0.3258
(  5,   2) 0.4364
(  6,   2) 0.3234
(  7,   2) 0.2736
(  8,   2) 0.2725
(  9,   2) 0.2674
( 10,   2) 0.4659
( 11,   2) 0.2988
( 12,   2) 0.2726
( 13,   2) 0.2692
( 14,   2) 0.2807
( 15,   2) 0.2466
( 16,   2) 0.2592
(  1,   3) 0.4517
(  2,   3) 0.3201
(  3,   3) 0.3927
(  4,   3) 0.4610
(  5,   3) 0.2846
(  6,   3) 0.3688
(  7,   3) 0.4273
(  8,   3) 0.3138
(  9,   3) 0.3195
( 10,   3) 0.3071
( 11,   3) 0.2614
( 12,   3) 0.3237
( 13,   3) 0.2857
( 14,   3) 0.3531
( 15,   3) 0.3702
( 16,   3) 0.4088
( 17,   3) 0.4741
( 18,   3) 0.4407
( 19,   3) 0.3881
( 20,   3) 0.2934
( 21,   3) 0.3987
( 22,   3) 0.4233
( 23,   3) 0.3174
( 24,   3) 0.3771
( 25,   3) 0.2772
( 26,   3) 0.3542
( 27,   3) 0.3557
( 28,   3) 0.4008
( 29,   3) 0.4260
( 30,   3) 0.3479
( 31,   3) 0.3288
( 32,   3) 0.3595
( 33,   3) 0.4091
( 34,   3) 0.4426
( 35,   3) 0.4347
( 36,   3) 0.4604
( 37,   3) 0.3501
( 38,   3) 0.4971
( 39,   3) 0.4202
( 40,   3) 0.4551
( 41,   3) 0.4374
( 42,   3) 0.4472
( 43,   3) 0.4444
( 44,   3) 0.4297
( 45,   3) 0.3757
( 46,   3) 0.3506
( 47,   3) 0.4211
( 48,   3) 0.3539
( 49,   3) 0.3495
( 50,   3) 0.3441
( 51,   3) 0.4155
( 52,   3) 0.4056
( 53,   3) 0.4001
( 54,   3) 0.4336
( 55,   3) 0.4248
( 56,   3) 0.4061
( 57,   3) 0.4478
( 58,   3) 0.3442
( 59,   3) 0.3383
( 60,   3) 0.2567
]
